[loci]= 100 

[populations]= 3 

[pop]= 1 
1 30 28 
2 30 15 
3 30 12 
4 30 30 
5 30 12 
6 30 3 
7 30 29 
8 30 24 
9 30 9 
10 30 30 
11 30 30 
12 30 1 
13 30 20 
14 30 29 
15 30 1 
16 30 30 
17 30 29 
18 30 21 
19 30 8 
20 30 16 
21 30 30 
22 30 26 
23 30 26 
24 30 30 
25 30 30 
26 30 28 
27 30 30 
28 30 28 
29 30 30 
30 30 27 
31 30 24 
32 30 30 
33 30 30 
34 30 18 
35 30 26 
36 30 26 
37 30 30 
38 30 5 
39 30 17 
40 30 30 
41 30 28 
42 30 30 
43 30 29 
44 30 25 
45 30 30 
46 30 28 
47 30 30 
48 30 30 
49 30 30 
50 30 22 
51 30 26 
52 30 21 
53 30 30 
54 30 5 
55 30 29 
56 30 30 
57 30 30 
58 30 29 
59 30 4 
60 30 30 
61 30 30 
62 30 30 
63 30 15 
64 30 25 
65 30 28 
66 30 26 
67 30 30 
68 30 27 
69 30 30 
70 30 30 
71 30 28 
72 30 30 
73 30 30 
74 30 22 
75 30 30 
76 30 30 
77 30 30 
78 30 30 
79 30 7 
80 30 8 
81 30 29 
82 30 30 
83 30 28 
84 30 27 
85 30 24 
86 30 20 
87 30 30 
88 30 24 
89 30 30 
90 30 27 
91 30 5 
92 30 28 
93 30 30 
94 30 24 
95 30 25 
96 30 30 
97 30 20 
98 30 30 
99 30 29 
100 30 30 

[pop]= 2 
1 30 30 
2 30 21 
3 30 12 
4 30 30 
5 30 15 
6 30 3 
7 30 27 
8 30 0 
9 30 12 
10 30 30 
11 30 30 
12 30 2 
13 30 23 
14 30 25 
15 30 2 
16 30 2 
17 30 4 
18 30 1 
19 30 2 
20 30 19 
21 30 30 
22 30 5 
23 30 28 
24 30 26 
25 30 30 
26 30 29 
27 30 11 
28 30 0 
29 30 24 
30 30 14 
31 30 25 
32 30 28 
33 30 29 
34 30 17 
35 30 1 
36 30 24 
37 30 27 
38 30 3 
39 30 6 
40 30 30 
41 30 30 
42 30 13 
43 30 30 
44 30 3 
45 30 18 
46 30 12 
47 30 30 
48 30 29 
49 30 30 
50 30 5 
51 30 23 
52 30 0 
53 30 23 
54 30 3 
55 30 21 
56 30 30 
57 30 18 
58 30 14 
59 30 0 
60 30 8 
61 30 30 
62 30 7 
63 30 13 
64 30 29 
65 30 20 
66 30 16 
67 30 30 
68 30 27 
69 30 2 
70 30 30 
71 30 8 
72 30 20 
73 30 2 
74 30 27 
75 30 10 
76 30 11 
77 30 28 
78 30 2 
79 30 0 
80 30 4 
81 30 0 
82 30 7 
83 30 30 
84 30 28 
85 30 30 
86 30 21 
87 30 30 
88 30 19 
89 30 30 
90 30 0 
91 30 2 
92 30 0 
93 30 30 
94 30 30 
95 30 0 
96 30 30 
97 30 29 
98 30 28 
99 30 27 
100 30 24 

[pop]= 3 
1 30 23 
2 30 9 
3 30 16 
4 30 30 
5 30 17 
6 30 4 
7 30 29 
8 30 28 
9 30 0 
10 30 27 
11 30 24 
12 30 0 
13 30 18 
14 30 30 
15 30 4 
16 30 30 
17 30 30 
18 30 28 
19 30 3 
20 30 8 
21 30 27 
22 30 23 
23 30 27 
24 30 13 
25 30 29 
26 30 25 
27 30 30 
28 30 12 
29 30 30 
30 30 5 
31 30 24 
32 30 0 
33 30 8 
34 30 1 
35 30 30 
36 30 23 
37 30 30 
38 30 1 
39 30 21 
40 30 30 
41 30 17 
42 30 20 
43 30 16 
44 30 3 
45 30 30 
46 30 30 
47 30 30 
48 30 30 
49 30 21 
50 30 24 
51 30 28 
52 30 29 
53 30 29 
54 30 5 
55 30 10 
56 30 3 
57 30 30 
58 30 0 
59 30 6 
60 30 30 
61 30 30 
62 30 30 
63 30 22 
64 30 15 
65 30 30 
66 30 30 
67 30 30 
68 30 26 
69 30 30 
70 30 30 
71 30 30 
72 30 15 
73 30 30 
74 30 0 
75 30 30 
76 30 21 
77 30 30 
78 30 30 
79 30 19 
80 30 14 
81 30 8 
82 30 18 
83 30 4 
84 30 18 
85 30 5 
86 30 15 
87 30 18 
88 30 27 
89 30 21 
90 30 29 
91 30 4 
92 30 30 
93 30 1 
94 30 5 
95 30 29 
96 30 6 
97 30 7 
98 30 4 
99 30 30 
100 30 30 

