0	0	0	0	0	0	0	0	0	0	0	0	0	0	0	0	0	0	0	0	0	0	0	0	0	0	0	0	0	0	0	0	0	0	0	0	0	0	0	0	0	0	0	0	0	0	0	0	0	0	0	0	0	0	0	0	0	0	0	0	0	0	0	0	0	0	0	0	0	0	0	0	0	0	0	0	0	0	0	0	0	0	0	0	0	0	0	0	0	0	0	0	0	0	0	0	0	0	0	0	
F1_1	1	1	1	1	1	0	0	1	0	1	1	1	0	1	1	1	1	1	0	1	1	1	1	1	1	1	1	0	0	1	1	1	1	1	1	1	1	1	0	1	1	1	1	1	1	1	0	1	1	1	0	1	1	1	0	1	1	1	0	0	0	1	0	0	1	1	1	1	0	1	1	0	1	1	1	1	0	1	0	1	1	1	0	1	1	1	0	1	1	1	0	1	0	1	1	1	1	0	1	1	1	
F1_1	1	1	1	1	1	0	0	1	0	1	1	1	0	1	1	1	1	1	0	1	1	1	1	1	1	1	1	0	0	1	1	1	1	1	1	1	1	1	0	1	1	1	1	1	1	1	0	1	1	1	0	1	1	1	0	1	1	1	0	0	0	1	0	0	1	1	1	1	0	1	1	0	1	1	1	1	0	1	0	1	1	1	0	1	1	1	0	1	1	1	0	1	0	1	1	1	1	0	1	1	1	
F1_2	1	1	0	1	1	0	0	0	0	0	1	1	0	1	1	1	0	1	0	1	1	1	1	1	1	1	1	1	0	1	0	1	1	1	1	1	1	1	0	1	1	1	1	1	1	1	1	1	1	1	0	1	1	1	1	1	1	0	0	0	0	1	1	0	1	1	1	1	0	1	1	0	0	1	1	1	1	1	0	0	0	1	1	1	1	1	0	1	0	1	1	0	0	1	1	1	1	1	0	1	1	
F1_2	1	1	0	1	1	0	0	0	0	0	1	1	0	1	1	1	0	1	0	1	1	1	1	1	1	1	1	1	0	1	0	1	1	1	1	1	1	1	0	1	1	1	1	1	1	1	1	1	1	1	0	1	1	1	1	1	1	0	0	0	0	1	1	0	1	1	1	1	0	1	1	0	0	1	1	1	1	1	0	0	0	1	1	1	1	1	0	1	0	1	1	0	0	1	1	1	1	1	0	1	1	
F1_3	1	1	1	1	1	1	0	1	0	1	1	1	0	0	1	1	1	0	0	1	1	1	1	1	1	1	1	1	0	1	0	1	1	0	1	1	1	1	1	1	1	1	1	1	1	1	0	1	1	1	1	1	1	0	1	1	1	1	1	0	1	1	1	1	1	0	1	1	1	1	1	1	1	1	1	1	1	1	0	0	1	0	1	1	1	1	1	1	0	1	0	0	0	1	1	1	1	1	1	1	1	
F1_3	1	1	1	1	1	1	0	1	0	1	1	1	0	0	1	1	1	0	0	1	1	1	1	1	1	1	1	1	0	1	0	1	1	0	1	1	1	1	1	1	1	1	1	1	1	1	0	1	1	1	1	1	1	0	1	1	1	1	1	0	1	1	1	1	1	0	1	1	1	1	1	1	1	1	1	1	1	1	0	0	1	0	1	1	1	1	1	1	0	1	0	0	0	1	1	1	1	1	1	1	1	
F1_4	1	1	0	1	0	1	0	1	0	1	1	1	0	1	1	1	0	0	0	1	1	1	1	1	1	1	1	1	0	0	0	1	1	1	1	1	1	1	0	1	1	1	1	1	1	1	1	1	1	1	0	1	1	1	1	0	1	1	1	0	1	1	1	0	1	0	1	1	1	0	1	1	0	1	1	0	0	1	0	0	1	1	0	1	1	1	0	1	1	1	1	1	1	1	1	1	1	1	1	1	1	
F1_4	1	1	0	1	0	1	0	1	0	1	1	1	0	1	1	1	0	0	0	1	1	1	1	1	1	1	1	1	0	0	0	1	1	1	1	1	1	1	0	1	1	1	1	1	1	1	1	1	1	1	0	1	1	1	1	0	1	1	1	0	1	1	1	0	1	0	1	1	1	0	1	1	0	1	1	0	0	1	0	0	1	1	0	1	1	1	0	1	1	1	1	1	1	1	1	1	1	1	1	1	1	
F1_5	1	1	1	1	1	0	0	1	0	1	1	1	1	1	1	1	1	1	0	1	1	1	1	1	1	1	1	1	0	1	0	1	1	1	1	1	1	0	0	1	1	1	0	1	1	0	1	1	1	1	0	1	1	1	0	1	1	1	1	0	0	1	1	1	1	0	1	1	0	1	1	1	0	1	1	0	0	1	1	1	1	1	1	1	1	1	1	1	1	1	0	1	0	1	1	1	1	1	0	1	1	
F1_5	1	1	1	1	1	0	0	1	0	1	1	1	1	1	1	1	1	1	0	1	1	1	1	1	1	1	1	1	0	1	0	1	1	1	1	1	1	0	0	1	1	1	0	1	1	0	1	1	1	1	0	1	1	1	0	1	1	1	1	0	0	1	1	1	1	0	1	1	0	1	1	1	0	1	1	0	0	1	1	1	1	1	1	1	1	1	1	1	1	1	0	1	0	1	1	1	1	1	0	1	1	
F1_6	1	1	0	1	1	0	0	1	0	1	1	1	0	1	1	0	0	1	0	1	1	1	1	1	1	1	1	1	0	1	1	1	0	1	1	1	1	1	0	1	1	1	0	1	1	1	1	1	1	1	1	1	1	1	0	1	1	0	1	0	0	1	1	0	1	0	1	1	1	1	1	0	0	1	1	1	0	1	0	1	1	1	0	1	1	1	1	1	1	1	0	0	0	1	1	1	1	1	1	1	1	
F1_6	1	1	0	1	1	0	0	1	0	1	1	1	0	1	1	0	0	1	0	1	1	1	1	1	1	1	1	1	0	1	1	1	0	1	1	1	1	1	0	1	1	1	0	1	1	1	1	1	1	1	1	1	1	1	0	1	1	0	1	0	0	1	1	0	1	0	1	1	1	1	1	0	0	1	1	1	0	1	0	1	1	1	0	1	1	1	1	1	1	1	0	0	0	1	1	1	1	1	1	1	1	
F1_7	1	1	1	1	1	0	0	0	0	1	1	1	0	1	1	0	1	0	0	1	1	1	1	0	1	1	1	1	1	0	0	1	1	1	1	1	1	1	1	1	1	1	1	1	1	1	1	1	1	1	0	1	1	1	0	1	1	1	1	0	0	1	0	0	1	0	1	1	1	1	1	1	0	1	1	1	1	1	0	1	1	1	1	1	1	1	0	1	1	1	0	0	1	1	1	1	1	1	0	1	1	
F1_7	1	1	1	1	1	0	0	0	0	1	1	1	0	1	1	0	1	0	0	1	1	1	1	0	1	1	1	1	1	0	0	1	1	1	1	1	1	1	1	1	1	1	1	1	1	1	1	1	1	1	0	1	1	1	0	1	1	1	1	0	0	1	0	0	1	0	1	1	1	1	1	1	0	1	1	1	1	1	0	1	1	1	1	1	1	1	0	1	1	1	0	0	1	1	1	1	1	1	0	1	1	
F1_8	1	1	1	1	1	1	0	1	0	1	1	1	0	1	1	1	1	1	1	1	1	1	1	1	1	1	1	1	0	1	0	1	1	1	1	1	1	1	0	1	1	1	0	1	1	1	0	1	1	1	0	1	1	1	0	0	1	0	1	0	0	1	0	0	1	0	1	1	1	1	1	0	0	1	1	1	1	1	1	1	1	1	1	1	1	1	1	1	1	1	0	0	0	1	1	1	1	1	0	1	1	
F1_8	1	1	1	1	1	1	0	1	0	1	1	1	0	1	1	1	1	1	1	1	1	1	1	1	1	1	1	1	0	1	0	1	1	1	1	1	1	1	0	1	1	1	0	1	1	1	0	1	1	1	0	1	1	1	0	0	1	0	1	0	0	1	0	0	1	0	1	1	1	1	1	0	0	1	1	1	1	1	1	1	1	1	1	1	1	1	1	1	1	1	0	0	0	1	1	1	1	1	0	1	1	
F1_9	1	1	0	1	1	1	0	0	0	1	1	1	0	1	1	1	1	0	0	1	1	1	1	1	0	1	1	1	1	0	1	1	0	0	1	1	1	1	1	1	1	1	0	1	1	1	0	1	0	1	1	1	1	0	1	1	1	0	1	0	1	1	0	0	1	0	1	1	0	1	1	0	0	1	1	0	1	1	0	0	1	1	0	1	1	1	0	1	1	1	0	1	0	1	1	1	1	1	0	1	1	
F1_9	1	1	0	1	1	1	0	0	0	1	1	1	0	1	1	1	1	0	0	1	1	1	1	1	0	1	1	1	1	0	1	1	0	0	1	1	1	1	1	1	1	1	0	1	1	1	0	1	0	1	1	1	1	0	1	1	1	0	1	0	1	1	0	0	1	0	1	1	0	1	1	0	0	1	1	0	1	1	0	0	1	1	0	1	1	1	0	1	1	1	0	1	0	1	1	1	1	1	0	1	1	
F1_10	1	1	0	0	0	0	0	1	0	1	1	1	0	1	1	0	0	0	0	1	1	1	1	1	1	1	1	0	0	0	0	1	0	1	1	1	1	1	0	0	1	1	1	1	1	1	0	1	1	1	1	1	1	1	1	0	1	0	1	0	0	1	1	1	1	1	1	1	1	1	1	0	1	1	1	0	0	1	0	1	1	1	1	1	1	0	1	1	0	1	0	1	0	1	1	1	1	1	1	1	1	
F1_10	1	1	0	0	0	0	0	1	0	1	1	1	0	1	1	0	0	0	0	1	1	1	1	1	1	1	1	0	0	0	0	1	0	1	1	1	1	1	0	0	1	1	1	1	1	1	0	1	1	1	1	1	1	1	1	0	1	0	1	0	0	1	1	1	1	1	1	1	1	1	1	0	1	1	1	0	0	1	0	1	1	1	1	1	1	0	1	1	0	1	0	1	0	1	1	1	1	1	1	1	1	
F1_11	1	1	0	1	1	0	1	1	0	1	1	1	0	1	1	0	0	0	0	0	1	1	1	0	1	1	1	1	0	1	0	1	1	1	1	1	1	1	0	1	1	1	0	1	1	1	0	1	1	1	1	1	1	1	0	0	1	0	0	0	1	1	1	0	1	1	1	1	0	0	1	0	1	1	1	1	1	1	0	0	1	0	1	1	1	1	0	1	1	1	1	1	0	1	1	0	1	0	1	1	1	
F1_11	1	1	0	1	1	0	1	1	0	1	1	1	0	1	1	0	0	0	0	0	1	1	1	0	1	1	1	1	0	1	0	1	1	1	1	1	1	1	0	1	1	1	0	1	1	1	0	1	1	1	1	1	1	1	0	0	1	0	0	0	1	1	1	0	1	1	1	1	0	0	1	0	1	1	1	1	1	1	0	0	1	0	1	1	1	1	0	1	1	1	1	1	0	1	1	0	1	0	1	1	1	
F1_12	1	1	1	1	1	0	0	1	0	1	1	1	0	1	1	1	1	0	0	1	1	1	1	1	1	1	1	1	0	0	0	1	1	1	1	1	1	1	1	1	1	1	1	1	1	1	0	1	1	1	0	1	1	0	0	0	1	0	1	0	1	1	1	1	0	1	1	1	1	1	1	0	0	0	0	1	1	1	0	1	0	1	1	1	0	1	1	1	1	1	1	0	0	1	0	1	1	0	1	1	1	
F1_12	1	1	1	1	1	0	0	1	0	1	1	1	0	1	1	1	1	0	0	1	1	1	1	1	1	1	1	1	0	0	0	1	1	1	1	1	1	1	1	1	1	1	1	1	1	1	0	1	1	1	0	1	1	0	0	0	1	0	1	0	1	1	1	1	0	1	1	1	1	1	1	0	0	0	0	1	1	1	0	1	0	1	1	1	0	1	1	1	1	1	1	0	0	1	0	1	1	0	1	1	1	
F1_13	1	1	1	1	1	0	0	1	0	0	1	1	0	1	1	0	0	0	0	1	0	1	1	1	1	1	1	1	0	1	0	1	1	1	1	1	1	1	0	1	1	1	1	1	1	1	0	1	1	1	0	1	1	1	0	0	1	0	1	0	0	1	1	1	1	1	1	0	1	1	1	0	1	1	1	1	1	1	0	0	1	1	1	1	1	1	1	1	1	1	1	1	0	1	1	1	1	1	1	1	1	
F1_13	1	1	1	1	1	0	0	1	0	0	1	1	0	1	1	0	0	0	0	1	0	1	1	1	1	1	1	1	0	1	0	1	1	1	1	1	1	1	0	1	1	1	1	1	1	1	0	1	1	1	0	1	1	1	0	0	1	0	1	0	0	1	1	1	1	1	1	0	1	1	1	0	1	1	1	1	1	1	0	0	1	1	1	1	1	1	1	1	1	1	1	1	0	1	1	1	1	1	1	1	1	
F1_14	1	1	0	1	0	0	0	0	0	1	0	1	0	0	1	1	1	1	0	1	1	1	1	1	1	1	1	1	0	1	0	1	1	1	1	1	1	1	1	1	1	1	0	1	1	1	1	1	0	1	1	1	1	1	0	1	1	0	1	0	0	1	0	0	1	0	1	0	1	1	1	0	0	1	1	0	1	1	0	0	1	1	1	1	1	1	1	1	0	1	0	1	0	0	1	1	1	0	1	1	1	
F1_14	1	1	0	1	0	0	0	0	0	1	0	1	0	0	1	1	1	1	0	1	1	1	1	1	1	1	1	1	0	1	0	1	1	1	1	1	1	1	1	1	1	1	0	1	1	1	1	1	0	1	1	1	1	1	0	1	1	0	1	0	0	1	0	0	1	0	1	0	1	1	1	0	0	1	1	0	1	1	0	0	1	1	1	1	1	1	1	1	0	1	0	1	0	0	1	1	1	0	1	1	1	
F1_15	1	1	1	1	1	1	0	1	0	0	1	1	0	1	1	1	1	1	0	1	1	1	1	1	1	1	1	1	0	1	0	1	1	1	1	1	1	0	0	1	1	1	1	1	1	1	0	1	1	1	1	1	1	1	1	0	1	0	1	0	1	1	0	1	1	1	1	1	0	1	1	0	0	1	1	1	1	1	1	0	1	1	0	1	0	1	1	1	1	1	0	0	0	1	1	0	1	0	1	1	1	
F1_15	1	1	1	1	1	1	0	1	0	0	1	1	0	1	1	1	1	1	0	1	1	1	1	1	1	1	1	1	0	1	0	1	1	1	1	1	1	0	0	1	1	1	1	1	1	1	0	1	1	1	1	1	1	1	1	0	1	0	1	0	1	1	0	1	1	1	1	1	0	1	1	0	0	1	1	1	1	1	1	0	1	1	0	1	0	1	1	1	1	1	0	0	0	1	1	0	1	0	1	1	1	
F1_16	1	1	1	1	1	1	0	1	0	1	1	1	0	1	1	1	0	0	0	1	1	1	1	1	1	1	1	0	0	1	0	1	1	1	1	1	1	1	0	1	1	1	0	1	1	1	0	1	0	1	0	1	1	1	0	0	1	0	0	0	0	1	0	1	1	1	1	1	0	1	1	0	0	1	0	1	1	1	0	1	1	1	1	1	0	1	1	1	1	1	0	1	0	1	1	1	1	1	0	1	1	
F1_16	1	1	1	1	1	1	0	1	0	1	1	1	0	1	1	1	0	0	0	1	1	1	1	1	1	1	1	0	0	1	0	1	1	1	1	1	1	1	0	1	1	1	0	1	1	1	0	1	0	1	0	1	1	1	0	0	1	0	0	0	0	1	0	1	1	1	1	1	0	1	1	0	0	1	0	1	1	1	0	1	1	1	1	1	0	1	1	1	1	1	0	1	0	1	1	1	1	1	0	1	1	
F1_17	1	1	1	1	1	1	0	1	0	1	1	1	0	1	1	0	0	0	0	1	1	1	1	1	1	1	1	1	0	1	1	1	1	0	1	1	1	1	0	1	1	1	1	1	1	1	1	1	1	1	0	1	1	1	0	1	1	0	0	0	1	1	1	0	1	1	1	1	1	1	1	0	1	1	1	0	1	1	0	0	1	0	1	1	0	1	0	1	1	1	1	1	0	1	1	1	1	0	1	1	1	
F1_17	1	1	1	1	1	1	0	1	0	1	1	1	0	1	1	0	0	0	0	1	1	1	1	1	1	1	1	1	0	1	1	1	1	0	1	1	1	1	0	1	1	1	1	1	1	1	1	1	1	1	0	1	1	1	0	1	1	0	0	0	1	1	1	0	1	1	1	1	1	1	1	0	1	1	1	0	1	1	0	0	1	0	1	1	0	1	0	1	1	1	1	1	0	1	1	1	1	0	1	1	1	
F1_18	1	1	1	1	1	0	0	1	0	0	1	1	0	1	1	1	0	0	0	1	1	1	1	0	1	1	1	1	0	1	0	1	1	1	1	1	1	1	0	1	1	1	1	1	1	1	0	1	1	1	0	1	1	1	0	1	1	1	1	0	0	1	1	1	1	1	1	1	0	1	1	0	0	1	1	0	1	1	0	1	1	1	1	1	1	1	1	1	0	1	0	1	0	1	1	1	1	1	1	1	1	
F1_18	1	1	1	1	1	0	0	1	0	0	1	1	0	1	1	1	0	0	0	1	1	1	1	0	1	1	1	1	0	1	0	1	1	1	1	1	1	1	0	1	1	1	1	1	1	1	0	1	1	1	0	1	1	1	0	1	1	1	1	0	0	1	1	1	1	1	1	1	0	1	1	0	0	1	1	0	1	1	0	1	1	1	1	1	1	1	1	1	0	1	0	1	0	1	1	1	1	1	1	1	1	
F1_19	1	1	1	1	0	1	0	1	0	1	1	1	0	0	1	0	0	0	0	1	1	1	1	1	1	1	1	1	1	1	0	1	1	1	1	1	1	1	0	1	1	1	1	1	1	1	1	1	1	1	0	1	1	1	1	0	1	0	1	0	0	1	1	0	1	0	1	1	1	1	1	1	0	1	1	0	1	1	0	0	1	1	1	1	0	1	1	1	1	1	0	1	0	1	1	0	1	1	1	1	0	
F1_19	1	1	1	1	0	1	0	1	0	1	1	1	0	0	1	0	0	0	0	1	1	1	1	1	1	1	1	1	1	1	0	1	1	1	1	1	1	1	0	1	1	1	1	1	1	1	1	1	1	1	0	1	1	1	1	0	1	0	1	0	0	1	1	0	1	0	1	1	1	1	1	1	0	1	1	0	1	1	0	0	1	1	1	1	0	1	1	1	1	1	0	1	0	1	1	0	1	1	1	1	0	
F1_20	1	1	1	1	1	1	0	0	0	1	1	1	0	1	1	0	0	1	0	1	1	1	1	1	1	1	1	1	0	1	0	1	0	1	1	1	1	1	0	1	1	1	0	1	0	1	1	1	1	1	0	1	1	0	1	0	1	0	1	0	1	1	1	0	1	0	1	1	1	1	1	1	1	1	1	1	1	1	0	0	1	1	1	1	0	1	0	1	0	1	1	0	0	1	1	1	1	0	1	1	1	
F1_20	1	1	1	1	1	1	0	0	0	1	1	1	0	1	1	0	0	1	0	1	1	1	1	1	1	1	1	1	0	1	0	1	0	1	1	1	1	1	0	1	1	1	0	1	0	1	1	1	1	1	0	1	1	0	1	0	1	0	1	0	1	1	1	0	1	0	1	1	1	1	1	1	1	1	1	1	1	1	0	0	1	1	1	1	0	1	0	1	0	1	1	0	0	1	1	1	1	0	1	1	1	
F1_21	1	1	0	1	1	0	0	1	0	1	1	1	0	0	1	0	1	1	0	1	1	1	1	1	1	1	1	1	0	0	1	1	1	1	1	1	1	1	0	1	1	1	1	1	1	1	1	1	0	1	1	1	1	1	1	0	0	0	1	0	0	1	0	0	1	0	1	1	1	1	1	0	1	1	1	1	0	1	0	0	1	1	1	1	1	1	1	1	1	1	1	1	0	1	1	1	1	1	1	1	1	
F1_21	1	1	0	1	1	0	0	1	0	1	1	1	0	0	1	0	1	1	0	1	1	1	1	1	1	1	1	1	0	0	1	1	1	1	1	1	1	1	0	1	1	1	1	1	1	1	1	1	0	1	1	1	1	1	1	0	0	0	1	0	0	1	0	0	1	0	1	1	1	1	1	0	1	1	1	1	0	1	0	0	1	1	1	1	1	1	1	1	1	1	1	1	0	1	1	1	1	1	1	1	1	
F1_22	1	1	0	1	1	1	1	1	0	1	1	1	0	1	1	0	1	1	0	1	1	1	1	1	0	1	1	1	0	1	0	1	1	0	1	1	1	0	0	1	1	1	1	1	1	1	0	1	1	1	1	1	1	1	1	0	1	0	0	0	1	1	1	1	1	1	1	1	0	1	1	0	1	1	1	0	1	1	0	1	0	1	0	1	1	0	1	1	1	1	1	0	0	1	1	1	1	0	1	1	1	
F1_22	1	1	0	1	1	1	1	1	0	1	1	1	0	1	1	0	1	1	0	1	1	1	1	1	0	1	1	1	0	1	0	1	1	0	1	1	1	0	0	1	1	1	1	1	1	1	0	1	1	1	1	1	1	1	1	0	1	0	0	0	1	1	1	1	1	1	1	1	0	1	1	0	1	1	1	0	1	1	0	1	0	1	0	1	1	0	1	1	1	1	1	0	0	1	1	1	1	0	1	1	1	
F1_23	1	1	0	1	1	0	0	1	0	1	1	1	0	1	1	1	1	0	0	1	1	1	1	1	1	1	1	1	0	1	0	1	1	0	1	1	1	1	1	0	1	1	1	1	1	1	1	1	1	1	0	1	1	1	0	0	1	0	1	0	0	1	1	1	1	1	1	1	1	1	1	0	1	1	1	1	0	1	0	0	0	1	0	1	1	1	1	1	1	1	0	0	0	1	1	1	1	1	1	1	1	
F1_23	1	1	0	1	1	0	0	1	0	1	1	1	0	1	1	1	1	0	0	1	1	1	1	1	1	1	1	1	0	1	0	1	1	0	1	1	1	1	1	0	1	1	1	1	1	1	1	1	1	1	0	1	1	1	0	0	1	0	1	0	0	1	1	1	1	1	1	1	1	1	1	0	1	1	1	1	0	1	0	0	0	1	0	1	1	1	1	1	1	1	0	0	0	1	1	1	1	1	1	1	1	
F1_24	1	1	0	1	1	1	0	0	0	0	1	1	0	1	1	0	1	0	0	1	1	1	1	0	1	1	1	1	0	1	0	1	0	1	1	1	1	0	0	1	1	1	1	1	1	1	0	1	1	1	1	1	1	1	1	0	1	0	0	0	0	1	1	1	1	0	1	1	0	1	1	0	0	1	1	0	1	1	0	0	1	1	1	1	0	1	0	1	1	1	1	0	0	1	1	1	1	1	1	1	1	
F1_24	1	1	0	1	1	1	0	0	0	0	1	1	0	1	1	0	1	0	0	1	1	1	1	0	1	1	1	1	0	1	0	1	0	1	1	1	1	0	0	1	1	1	1	1	1	1	0	1	1	1	1	1	1	1	1	0	1	0	0	0	0	1	1	1	1	0	1	1	0	1	1	0	0	1	1	0	1	1	0	0	1	1	1	1	0	1	0	1	1	1	1	0	0	1	1	1	1	1	1	1	1	
F1_25	1	1	1	1	1	0	0	1	0	1	1	1	0	1	1	0	0	1	0	1	1	1	1	1	1	1	1	1	0	1	0	1	1	1	1	1	1	0	0	1	1	1	0	1	1	1	0	1	1	1	1	1	1	0	0	0	1	1	0	1	1	1	1	1	1	1	1	1	1	1	1	0	1	1	1	1	1	1	0	0	1	1	1	1	1	1	1	1	0	1	0	0	0	1	1	1	1	1	1	1	1	
F1_25	1	1	1	1	1	0	0	1	0	1	1	1	0	1	1	0	0	1	0	1	1	1	1	1	1	1	1	1	0	1	0	1	1	1	1	1	1	0	0	1	1	1	0	1	1	1	0	1	1	1	1	1	1	0	0	0	1	1	0	1	1	1	1	1	1	1	1	1	1	1	1	0	1	1	1	1	1	1	0	0	1	1	1	1	1	1	1	1	0	1	0	0	0	1	1	1	1	1	1	1	1	
F1_26	1	1	1	1	1	1	0	1	0	1	1	1	0	1	1	0	1	0	0	1	1	1	1	1	1	1	1	1	0	1	0	1	0	1	1	1	1	1	0	1	1	1	1	1	1	1	1	1	1	1	0	1	1	0	0	0	1	0	1	0	0	1	1	1	1	0	1	0	1	1	1	0	1	1	1	1	1	0	0	1	1	1	0	1	0	1	1	1	1	1	0	1	0	1	1	1	1	1	1	1	1	
F1_26	1	1	1	1	1	1	0	1	0	1	1	1	0	1	1	0	1	0	0	1	1	1	1	1	1	1	1	1	0	1	0	1	0	1	1	1	1	1	0	1	1	1	1	1	1	1	1	1	1	1	0	1	1	0	0	0	1	0	1	0	0	1	1	1	1	0	1	0	1	1	1	0	1	1	1	1	1	0	0	1	1	1	0	1	0	1	1	1	1	1	0	1	0	1	1	1	1	1	1	1	1	
F1_27	1	1	0	1	1	1	0	1	0	1	1	1	0	0	1	0	1	1	0	1	1	1	1	1	1	1	1	1	1	0	1	1	1	1	1	1	1	1	0	1	1	1	0	1	1	1	1	1	0	1	1	1	1	1	1	1	1	0	1	0	0	1	1	1	1	0	1	1	0	1	1	0	0	1	1	1	0	1	0	0	1	1	0	1	0	1	1	1	1	1	0	0	0	1	1	1	1	0	1	1	1	
F1_27	1	1	0	1	1	1	0	1	0	1	1	1	0	0	1	0	1	1	0	1	1	1	1	1	1	1	1	1	1	0	1	1	1	1	1	1	1	1	0	1	1	1	0	1	1	1	1	1	0	1	1	1	1	1	1	1	1	0	1	0	0	1	1	1	1	0	1	1	0	1	1	0	0	1	1	1	0	1	0	0	1	1	0	1	0	1	1	1	1	1	0	0	0	1	1	1	1	0	1	1	1	
F1_28	1	1	0	1	1	0	0	1	0	1	1	1	0	0	1	1	0	1	0	1	1	1	1	0	1	1	1	0	0	0	0	1	1	1	1	1	1	1	1	1	1	1	1	1	1	1	0	1	1	1	0	1	1	1	1	0	1	0	1	0	0	1	1	0	1	0	1	1	0	1	1	1	0	1	1	1	1	1	0	0	1	1	0	1	1	1	1	1	1	1	0	0	0	1	1	1	1	0	0	1	1	
F1_28	1	1	0	1	1	0	0	1	0	1	1	1	0	0	1	1	0	1	0	1	1	1	1	0	1	1	1	0	0	0	0	1	1	1	1	1	1	1	1	1	1	1	1	1	1	1	0	1	1	1	0	1	1	1	1	0	1	0	1	0	0	1	1	0	1	0	1	1	0	1	1	1	0	1	1	1	1	1	0	0	1	1	0	1	1	1	1	1	1	1	0	0	0	1	1	1	1	0	0	1	1	
F1_29	1	1	0	1	1	0	0	1	0	0	1	1	0	1	1	1	1	0	0	1	1	1	1	1	1	1	1	1	0	0	0	1	1	1	1	1	1	0	0	1	1	1	0	1	1	1	0	1	0	1	1	1	1	0	1	0	1	0	1	0	0	1	1	1	1	1	1	1	1	1	1	0	0	1	1	1	1	1	0	0	1	1	1	1	1	1	1	1	1	1	1	0	0	1	1	1	1	1	0	1	1	
F1_29	1	1	0	1	1	0	0	1	0	0	1	1	0	1	1	1	1	0	0	1	1	1	1	1	1	1	1	1	0	0	0	1	1	1	1	1	1	0	0	1	1	1	0	1	1	1	0	1	0	1	1	1	1	0	1	0	1	0	1	0	0	1	1	1	1	1	1	1	1	1	1	0	0	1	1	1	1	1	0	0	1	1	1	1	1	1	1	1	1	1	1	0	0	1	1	1	1	1	0	1	1	
F1_30	1	1	0	1	1	0	0	1	0	1	1	1	0	1	1	0	0	1	0	1	0	1	1	1	1	1	1	1	1	0	0	1	1	0	1	1	1	1	0	1	1	1	1	1	1	1	1	1	1	1	0	1	1	0	1	1	0	0	0	0	1	1	1	1	1	0	1	0	0	0	1	1	0	1	1	1	0	1	0	0	1	1	1	1	1	1	1	1	0	1	0	0	0	1	1	1	1	0	1	1	1	
F1_30	1	1	0	1	1	0	0	1	0	1	1	1	0	1	1	0	0	1	0	1	0	1	1	1	1	1	1	1	1	0	0	1	1	0	1	1	1	1	0	1	1	1	1	1	1	1	1	1	1	1	0	1	1	0	1	1	0	0	0	0	1	1	1	1	1	0	1	0	0	0	1	1	0	1	1	1	0	1	0	0	1	1	1	1	1	1	1	1	0	1	0	0	0	1	1	1	1	0	1	1	1	
PA1	2	1	1	1	1	1	0	1	0	0	1	1	0	1	0	0	0	0	0	0	1	1	0	1	1	1	1	1	0	1	1	1	1	1	1	0	0	1	1	0	1	1	0	1	0	1	0	1	1	1	0	1	0	1	0	1	1	1	0	0	0	1	0	0	1	1	0	1	1	0	1	0	0	0	1	0	0	1	0	0	0	0	0	1	1	1	1	1	0	1	0	1	0	1	1	0	1	1	1	1	1	
PA1	2	1	1	1	1	1	0	1	0	0	1	1	0	1	0	0	0	0	0	0	1	1	0	1	1	1	1	1	0	1	1	1	1	1	1	0	0	1	1	0	1	1	0	1	0	1	0	1	1	1	0	1	0	1	0	1	1	1	0	0	0	1	0	0	1	1	0	1	1	0	1	0	0	0	1	0	0	1	0	0	0	0	0	1	1	1	1	1	0	1	0	1	0	1	1	0	1	1	1	1	1	
PA2	2	1	0	0	1	0	0	1	0	0	1	1	0	1	0	0	0	0	0	0	0	1	0	1	1	1	1	0	0	0	1	0	1	1	1	0	1	1	0	1	1	1	0	1	1	1	0	1	1	1	0	1	0	1	0	0	1	1	1	0	0	1	0	0	1	1	0	1	0	0	1	0	0	0	1	0	0	1	1	0	0	0	0	1	1	1	1	1	0	1	0	0	0	1	1	0	1	1	1	1	1	
PA2	2	1	0	0	1	0	0	1	0	0	1	1	0	1	0	0	0	0	0	0	0	1	0	1	1	1	1	0	0	0	1	0	1	1	1	0	1	1	0	1	1	1	0	1	1	1	0	1	1	1	0	1	0	1	0	0	1	1	1	0	0	1	0	0	1	1	0	1	0	0	1	0	0	0	1	0	0	1	1	0	0	0	0	1	1	1	1	1	0	1	0	0	0	1	1	0	1	1	1	1	1	
PA3	2	1	1	0	1	0	0	1	0	0	1	1	0	1	1	0	0	0	0	0	0	1	0	1	1	1	1	0	0	1	1	1	1	1	0	0	1	1	0	0	1	1	1	1	0	1	0	1	1	1	0	1	0	0	0	1	1	1	0	0	0	1	0	1	1	0	0	1	1	0	1	0	1	0	1	1	0	1	0	0	0	0	0	1	1	1	1	1	1	1	0	0	0	1	1	0	1	1	1	1	0	
PA3	2	1	1	0	1	0	0	1	0	0	1	1	0	1	1	0	0	0	0	0	0	1	0	1	1	1	1	0	0	1	1	1	1	1	0	0	1	1	0	0	1	1	1	1	0	1	0	1	1	1	0	1	0	0	0	1	1	1	0	0	0	1	0	1	1	0	0	1	1	0	1	0	1	0	1	1	0	1	0	0	0	0	0	1	1	1	1	1	1	1	0	0	0	1	1	0	1	1	1	1	0	
PA4	2	1	1	1	1	0	0	1	0	0	1	1	0	0	1	0	0	0	0	0	1	1	1	1	1	1	1	0	0	1	0	1	1	1	0	0	1	1	0	0	1	1	0	1	0	0	1	1	1	1	0	1	0	1	0	1	1	0	1	0	1	1	1	1	1	1	1	1	1	0	1	0	1	0	1	1	1	1	0	0	0	0	1	1	1	1	1	1	0	1	0	0	0	1	1	0	1	1	1	1	1	
PA4	2	1	1	1	1	0	0	1	0	0	1	1	0	0	1	0	0	0	0	0	1	1	1	1	1	1	1	0	0	1	0	1	1	1	0	0	1	1	0	0	1	1	0	1	0	0	1	1	1	1	0	1	0	1	0	1	1	0	1	0	1	1	1	1	1	1	1	1	1	0	1	0	1	0	1	1	1	1	0	0	0	0	1	1	1	1	1	1	0	1	0	0	0	1	1	0	1	1	1	1	1	
PA5	2	1	1	0	1	1	0	1	0	0	1	1	0	0	0	0	0	0	0	0	0	1	0	1	1	1	1	0	0	1	0	1	1	1	1	0	0	1	0	0	1	1	1	1	0	0	1	1	1	1	0	1	0	1	0	1	1	0	0	0	0	1	0	0	1	1	0	1	1	0	1	1	1	0	1	0	0	1	0	0	1	0	0	1	1	1	1	1	1	1	0	0	0	1	1	0	1	1	1	1	1	
PA5	2	1	1	0	1	1	0	1	0	0	1	1	0	0	0	0	0	0	0	0	0	1	0	1	1	1	1	0	0	1	0	1	1	1	1	0	0	1	0	0	1	1	1	1	0	0	1	1	1	1	0	1	0	1	0	1	1	0	0	0	0	1	0	0	1	1	0	1	1	0	1	1	1	0	1	0	0	1	0	0	1	0	0	1	1	1	1	1	1	1	0	0	0	1	1	0	1	1	1	1	1	
PA6	2	1	0	1	1	0	0	1	0	0	1	1	0	1	1	0	0	0	0	0	1	1	1	1	1	1	1	1	0	1	1	0	0	1	0	0	0	1	0	1	1	1	0	1	0	1	0	1	1	1	0	0	0	1	0	1	1	1	0	0	0	1	0	0	1	1	1	1	1	0	1	1	1	0	1	0	1	1	0	0	0	0	0	1	1	1	0	1	1	1	0	0	0	1	1	0	1	1	1	1	1	
PA6	2	1	0	1	1	0	0	1	0	0	1	1	0	1	1	0	0	0	0	0	1	1	1	1	1	1	1	1	0	1	1	0	0	1	0	0	0	1	0	1	1	1	0	1	0	1	0	1	1	1	0	0	0	1	0	1	1	1	0	0	0	1	0	0	1	1	1	1	1	0	1	1	1	0	1	0	1	1	0	0	0	0	0	1	1	1	0	1	1	1	0	0	0	1	1	0	1	1	1	1	1	
PA7	2	1	1	0	1	1	0	0	0	0	1	1	0	1	1	0	1	0	0	0	0	1	1	1	1	1	1	1	0	1	1	0	1	1	0	0	1	1	0	0	1	1	1	1	0	1	1	1	1	1	0	1	0	0	0	1	1	1	0	0	0	1	1	0	1	1	0	1	1	0	1	0	0	0	1	1	1	1	0	0	0	0	0	1	0	1	1	1	1	1	0	0	0	1	1	0	1	1	1	1	0	
PA7	2	1	1	0	1	1	0	0	0	0	1	1	0	1	1	0	1	0	0	0	0	1	1	1	1	1	1	1	0	1	1	0	1	1	0	0	1	1	0	0	1	1	1	1	0	1	1	1	1	1	0	1	0	0	0	1	1	1	0	0	0	1	1	0	1	1	0	1	1	0	1	0	0	0	1	1	1	1	0	0	0	0	0	1	0	1	1	1	1	1	0	0	0	1	1	0	1	1	1	1	0	
PA8	2	1	1	0	1	1	0	1	0	1	1	1	0	1	1	0	1	0	0	0	0	1	0	1	1	1	1	0	0	1	0	1	1	1	1	0	1	1	0	0	1	1	1	1	0	0	1	1	1	1	1	1	0	1	1	1	1	0	0	0	1	1	0	1	1	1	1	1	1	0	1	0	1	0	1	0	0	1	0	0	0	0	0	1	1	1	1	1	1	1	0	1	0	1	1	0	1	1	1	1	1	
PA8	2	1	1	0	1	1	0	1	0	1	1	1	0	1	1	0	1	0	0	0	0	1	0	1	1	1	1	0	0	1	0	1	1	1	1	0	1	1	0	0	1	1	1	1	0	0	1	1	1	1	1	1	0	1	1	1	1	0	0	0	1	1	0	1	1	1	1	1	1	0	1	0	1	0	1	0	0	1	0	0	0	0	0	1	1	1	1	1	1	1	0	1	0	1	1	0	1	1	1	1	1	
PA9	2	1	0	0	1	1	0	1	0	1	1	1	0	1	1	0	0	0	0	1	1	1	0	0	1	1	1	0	0	1	0	1	1	1	1	1	1	1	0	0	1	1	0	1	0	1	1	1	1	1	0	1	0	1	0	0	1	0	1	0	0	1	0	0	1	1	1	1	1	0	1	0	0	0	1	0	1	1	0	0	0	0	0	1	1	1	0	1	1	1	0	0	0	1	1	0	1	1	1	1	1	
PA9	2	1	0	0	1	1	0	1	0	1	1	1	0	1	1	0	0	0	0	1	1	1	0	0	1	1	1	0	0	1	0	1	1	1	1	1	1	1	0	0	1	1	0	1	0	1	1	1	1	1	0	1	0	1	0	0	1	0	1	0	0	1	0	0	1	1	1	1	1	0	1	0	0	0	1	0	1	1	0	0	0	0	0	1	1	1	0	1	1	1	0	0	0	1	1	0	1	1	1	1	1	
PA10	2	1	1	0	1	0	0	1	0	0	1	1	0	1	1	0	0	0	0	0	1	1	0	1	1	1	1	0	0	1	0	1	1	0	1	0	0	1	0	0	1	1	0	1	0	0	1	1	1	1	0	1	0	1	0	1	1	0	0	0	0	1	0	0	1	1	0	1	1	0	1	1	0	0	1	0	1	1	0	0	0	0	1	1	1	1	1	1	0	1	0	0	0	1	1	0	1	1	1	0	0	
PA10	2	1	1	0	1	0	0	1	0	0	1	1	0	1	1	0	0	0	0	0	1	1	0	1	1	1	1	0	0	1	0	1	1	0	1	0	0	1	0	0	1	1	0	1	0	0	1	1	1	1	0	1	0	1	0	1	1	0	0	0	0	1	0	0	1	1	0	1	1	0	1	1	0	0	1	0	1	1	0	0	0	0	1	1	1	1	1	1	0	1	0	0	0	1	1	0	1	1	1	0	0	
PA11	2	1	1	0	1	0	0	1	0	1	1	1	0	1	1	1	0	0	0	0	1	1	0	1	0	1	1	1	0	1	1	1	1	1	1	0	1	1	0	0	1	1	1	1	0	0	0	1	1	1	0	1	0	0	0	0	1	1	1	0	1	1	1	1	1	0	1	1	1	1	1	0	1	0	1	0	1	1	0	0	0	0	0	1	1	1	1	1	0	1	0	0	0	1	1	0	1	1	1	1	0	
PA11	2	1	1	0	1	0	0	1	0	1	1	1	0	1	1	1	0	0	0	0	1	1	0	1	0	1	1	1	0	1	1	1	1	1	1	0	1	1	0	0	1	1	1	1	0	0	0	1	1	1	0	1	0	0	0	0	1	1	1	0	1	1	1	1	1	0	1	1	1	1	1	0	1	0	1	0	1	1	0	0	0	0	0	1	1	1	1	1	0	1	0	0	0	1	1	0	1	1	1	1	0	
PA12	2	1	1	0	1	0	0	1	0	0	1	1	0	1	1	0	0	0	0	0	0	1	0	1	1	1	1	0	0	1	0	0	1	1	0	0	1	0	0	1	1	1	1	1	0	1	0	1	1	1	1	0	0	1	0	1	1	0	1	0	0	1	1	1	1	0	0	1	0	0	1	0	0	0	1	0	0	1	0	0	0	0	0	1	1	1	1	1	1	1	0	0	0	1	1	0	1	1	1	0	1	
PA12	2	1	1	0	1	0	0	1	0	0	1	1	0	1	1	0	0	0	0	0	0	1	0	1	1	1	1	0	0	1	0	0	1	1	0	0	1	0	0	1	1	1	1	1	0	1	0	1	1	1	1	0	0	1	0	1	1	0	1	0	0	1	1	1	1	0	0	1	0	0	1	0	0	0	1	0	0	1	0	0	0	0	0	1	1	1	1	1	1	1	0	0	0	1	1	0	1	1	1	0	1	
PA13	2	1	1	1	1	1	0	1	0	1	1	1	0	1	1	0	0	1	0	1	0	1	0	1	1	1	1	0	0	1	0	1	1	1	1	0	1	1	0	0	1	1	1	1	0	0	0	1	1	1	0	1	0	0	0	1	1	0	1	0	0	1	0	1	1	1	0	1	1	0	1	1	1	0	1	1	1	1	0	0	0	0	0	1	1	1	1	1	0	1	0	0	0	1	1	0	1	1	0	1	1	
PA13	2	1	1	1	1	1	0	1	0	1	1	1	0	1	1	0	0	1	0	1	0	1	0	1	1	1	1	0	0	1	0	1	1	1	1	0	1	1	0	0	1	1	1	1	0	0	0	1	1	1	0	1	0	0	0	1	1	0	1	0	0	1	0	1	1	1	0	1	1	0	1	1	1	0	1	1	1	1	0	0	0	0	0	1	1	1	1	1	0	1	0	0	0	1	1	0	1	1	0	1	1	
PA14	2	1	1	1	1	0	0	1	0	1	1	1	0	1	1	0	0	0	0	0	1	1	0	1	1	1	1	1	0	1	1	1	1	1	1	0	1	1	0	0	1	1	1	1	0	0	1	1	0	1	0	1	0	1	0	1	1	1	0	0	0	1	0	0	1	0	0	1	1	0	1	1	1	0	1	1	0	1	0	0	1	0	0	1	1	1	0	1	1	1	0	0	0	1	1	0	1	1	1	1	1	
PA14	2	1	1	1	1	0	0	1	0	1	1	1	0	1	1	0	0	0	0	0	1	1	0	1	1	1	1	1	0	1	1	1	1	1	1	0	1	1	0	0	1	1	1	1	0	0	1	1	0	1	0	1	0	1	0	1	1	1	0	0	0	1	0	0	1	0	0	1	1	0	1	1	1	0	1	1	0	1	0	0	1	0	0	1	1	1	0	1	1	1	0	0	0	1	1	0	1	1	1	1	1	
PA15	2	1	0	0	1	1	1	1	0	0	1	1	0	1	1	0	0	1	0	0	1	1	0	1	1	1	1	0	0	1	0	1	1	1	1	0	1	1	0	0	1	1	0	1	1	1	0	1	1	1	0	1	0	1	1	1	1	1	0	0	1	1	0	1	1	1	1	1	1	0	1	0	1	1	1	0	0	1	0	0	1	0	0	1	1	1	0	1	1	1	0	0	0	1	1	0	1	1	0	1	1	
PA15	2	1	0	0	1	1	1	1	0	0	1	1	0	1	1	0	0	1	0	0	1	1	0	1	1	1	1	0	0	1	0	1	1	1	1	0	1	1	0	0	1	1	0	1	1	1	0	1	1	1	0	1	0	1	1	1	1	1	0	0	1	1	0	1	1	1	1	1	1	0	1	0	1	1	1	0	0	1	0	0	1	0	0	1	1	1	0	1	1	1	0	0	0	1	1	0	1	1	0	1	1	
PA16	2	1	0	1	1	1	0	1	0	1	1	1	0	1	1	0	0	0	0	0	0	1	0	1	1	1	0	1	0	0	0	1	1	1	0	0	1	1	1	0	1	1	0	1	0	0	1	1	1	1	0	0	0	1	0	1	1	1	0	0	1	1	0	0	1	0	1	1	1	0	1	0	1	0	1	0	0	1	0	0	0	0	1	1	1	1	0	1	0	1	0	0	0	1	1	0	1	1	1	1	1	
PA16	2	1	0	1	1	1	0	1	0	1	1	1	0	1	1	0	0	0	0	0	0	1	0	1	1	1	0	1	0	0	0	1	1	1	0	0	1	1	1	0	1	1	0	1	0	0	1	1	1	1	0	0	0	1	0	1	1	1	0	0	1	1	0	0	1	0	1	1	1	0	1	0	1	0	1	0	0	1	0	0	0	0	1	1	1	1	0	1	0	1	0	0	0	1	1	0	1	1	1	1	1	
PA17	2	1	0	1	1	0	0	1	0	1	1	1	1	0	1	0	0	0	0	0	1	1	0	1	0	1	1	0	0	1	0	1	1	1	1	0	1	0	0	0	1	1	1	1	0	0	1	1	1	1	0	1	0	1	1	0	1	0	1	0	1	1	0	1	1	0	0	1	1	0	1	0	1	0	1	0	0	1	0	0	0	0	0	1	1	1	1	1	1	1	0	0	0	1	1	0	1	0	1	0	1	
PA17	2	1	0	1	1	0	0	1	0	1	1	1	1	0	1	0	0	0	0	0	1	1	0	1	0	1	1	0	0	1	0	1	1	1	1	0	1	0	0	0	1	1	1	1	0	0	1	1	1	1	0	1	0	1	1	0	1	0	1	0	1	1	0	1	1	0	0	1	1	0	1	0	1	0	1	0	0	1	0	0	0	0	0	1	1	1	1	1	1	1	0	0	0	1	1	0	1	0	1	0	1	
PA18	2	1	1	1	1	1	0	1	0	0	1	1	0	1	1	0	0	0	0	0	1	1	1	1	1	1	1	0	0	1	0	1	1	1	0	0	1	1	0	0	1	1	0	1	1	1	0	1	1	1	0	0	0	1	0	1	1	0	0	0	0	1	0	0	1	1	1	1	1	0	1	0	1	0	1	1	0	1	0	0	0	0	0	1	1	1	0	1	1	1	0	0	0	1	1	0	1	1	1	1	1	
PA18	2	1	1	1	1	1	0	1	0	0	1	1	0	1	1	0	0	0	0	0	1	1	1	1	1	1	1	0	0	1	0	1	1	1	0	0	1	1	0	0	1	1	0	1	1	1	0	1	1	1	0	0	0	1	0	1	1	0	0	0	0	1	0	0	1	1	1	1	1	0	1	0	1	0	1	1	0	1	0	0	0	0	0	1	1	1	0	1	1	1	0	0	0	1	1	0	1	1	1	1	1	
PA19	2	1	1	0	1	0	0	1	0	0	1	1	0	0	1	0	0	0	0	0	1	1	1	1	1	1	1	1	0	1	1	1	1	1	1	0	1	1	0	0	1	1	0	1	0	1	0	1	1	1	0	1	0	1	0	0	1	1	1	0	0	1	0	1	1	1	1	1	1	0	1	0	1	0	1	0	1	1	0	0	0	0	0	1	1	1	1	1	1	1	0	0	0	1	1	0	1	1	1	1	1	
PA19	2	1	1	0	1	0	0	1	0	0	1	1	0	0	1	0	0	0	0	0	1	1	1	1	1	1	1	1	0	1	1	1	1	1	1	0	1	1	0	0	1	1	0	1	0	1	0	1	1	1	0	1	0	1	0	0	1	1	1	0	0	1	0	1	1	1	1	1	1	0	1	0	1	0	1	0	1	1	0	0	0	0	0	1	1	1	1	1	1	1	0	0	0	1	1	0	1	1	1	1	1	
PA20	2	1	1	0	1	0	0	0	0	1	1	1	1	0	1	0	0	1	0	0	1	1	0	1	1	1	1	1	0	1	0	1	1	1	0	0	0	1	0	1	1	1	1	1	0	1	0	1	1	1	0	0	0	1	0	0	1	1	0	0	0	1	0	1	1	1	0	1	1	0	1	0	0	0	0	1	0	1	0	0	0	0	0	1	1	1	0	1	1	1	0	0	0	1	1	0	1	1	1	1	1	
PA20	2	1	1	0	1	0	0	0	0	1	1	1	1	0	1	0	0	1	0	0	1	1	0	1	1	1	1	1	0	1	0	1	1	1	0	0	0	1	0	1	1	1	1	1	0	1	0	1	1	1	0	0	0	1	0	0	1	1	0	0	0	1	0	1	1	1	0	1	1	0	1	0	0	0	0	1	0	1	0	0	0	0	0	1	1	1	0	1	1	1	0	0	0	1	1	0	1	1	1	1	1	
PA21	2	1	1	1	1	0	0	1	0	1	1	1	0	0	0	0	0	0	0	0	1	1	0	1	1	1	1	0	0	0	0	1	1	1	0	0	1	1	0	0	1	1	0	1	0	0	0	1	1	1	0	1	0	1	0	1	1	0	1	0	0	1	0	0	0	1	1	1	0	0	1	1	1	0	1	0	0	0	0	0	0	0	1	1	1	1	1	1	0	1	0	0	0	1	1	0	1	1	1	1	0	
PA21	2	1	1	1	1	0	0	1	0	1	1	1	0	0	0	0	0	0	0	0	1	1	0	1	1	1	1	0	0	0	0	1	1	1	0	0	1	1	0	0	1	1	0	1	0	0	0	1	1	1	0	1	0	1	0	1	1	0	1	0	0	1	0	0	0	1	1	1	0	0	1	1	1	0	1	0	0	0	0	0	0	0	1	1	1	1	1	1	0	1	0	0	0	1	1	0	1	1	1	1	0	
PA22	2	1	1	0	1	1	0	1	0	0	1	1	0	1	1	0	0	0	0	0	1	1	0	1	1	1	1	0	0	1	0	1	1	1	1	0	0	1	0	0	1	1	0	1	0	1	0	1	1	1	0	1	0	1	0	1	1	1	1	0	0	1	0	1	1	1	0	1	1	0	1	1	1	0	1	0	0	1	1	0	0	0	1	1	1	1	1	1	0	1	0	0	0	1	1	0	1	1	1	1	1	
PA22	2	1	1	0	1	1	0	1	0	0	1	1	0	1	1	0	0	0	0	0	1	1	0	1	1	1	1	0	0	1	0	1	1	1	1	0	0	1	0	0	1	1	0	1	0	1	0	1	1	1	0	1	0	1	0	1	1	1	1	0	0	1	0	1	1	1	0	1	1	0	1	1	1	0	1	0	0	1	1	0	0	0	1	1	1	1	1	1	0	1	0	0	0	1	1	0	1	1	1	1	1	
PA23	2	1	1	0	1	0	0	1	0	0	1	1	0	1	1	1	0	0	0	0	0	1	0	1	1	1	1	0	0	1	1	1	1	1	1	0	1	1	0	1	1	1	0	1	0	1	0	1	1	1	0	1	0	1	0	1	1	1	1	0	0	1	0	0	1	1	1	1	1	0	1	0	1	0	1	0	0	0	0	0	0	0	0	1	1	1	0	1	1	1	0	0	0	1	1	0	1	1	1	1	1	
PA23	2	1	1	0	1	0	0	1	0	0	1	1	0	1	1	1	0	0	0	0	0	1	0	1	1	1	1	0	0	1	1	1	1	1	1	0	1	1	0	1	1	1	0	1	0	1	0	1	1	1	0	1	0	1	0	1	1	1	1	0	0	1	0	0	1	1	1	1	1	0	1	0	1	0	1	0	0	0	0	0	0	0	0	1	1	1	0	1	1	1	0	0	0	1	1	0	1	1	1	1	1	
PA24	2	1	0	0	1	1	1	1	0	0	1	1	0	1	1	0	0	0	0	0	1	1	0	0	1	1	1	0	0	0	1	1	1	1	0	0	1	0	0	0	1	1	0	1	0	1	1	1	1	1	0	1	0	1	0	1	1	1	1	0	1	1	1	0	1	0	1	1	1	0	1	0	0	0	0	1	1	1	0	0	0	0	1	1	1	1	1	1	1	1	0	0	0	1	1	0	1	1	1	1	1	
PA24	2	1	0	0	1	1	1	1	0	0	1	1	0	1	1	0	0	0	0	0	1	1	0	0	1	1	1	0	0	0	1	1	1	1	0	0	1	0	0	0	1	1	0	1	0	1	1	1	1	1	0	1	0	1	0	1	1	1	1	0	1	1	1	0	1	0	1	1	1	0	1	0	0	0	0	1	1	1	0	0	0	0	1	1	1	1	1	1	1	1	0	0	0	1	1	0	1	1	1	1	1	
PA25	2	1	1	1	1	0	0	1	0	0	1	1	0	1	1	0	0	0	0	0	1	1	0	1	0	1	1	1	0	0	0	1	1	1	0	0	1	1	0	0	1	1	0	1	0	1	1	1	1	1	0	1	0	0	0	0	1	1	0	0	0	1	0	0	1	1	1	1	1	0	1	0	1	0	1	1	0	1	0	0	0	0	1	1	1	1	0	1	1	1	0	0	0	1	1	0	1	1	1	1	1	
PA25	2	1	1	1	1	0	0	1	0	0	1	1	0	1	1	0	0	0	0	0	1	1	0	1	0	1	1	1	0	0	0	1	1	1	0	0	1	1	0	0	1	1	0	1	0	1	1	1	1	1	0	1	0	0	0	0	1	1	0	0	0	1	0	0	1	1	1	1	1	0	1	0	1	0	1	1	0	1	0	0	0	0	1	1	1	1	0	1	1	1	0	0	0	1	1	0	1	1	1	1	1	
PA26	2	1	0	0	1	1	0	1	0	0	1	1	0	1	1	0	0	0	1	0	1	1	0	1	0	1	1	0	0	1	1	0	1	1	1	0	1	1	0	1	1	1	1	1	0	1	0	1	1	1	1	0	0	1	0	1	1	0	0	0	0	1	0	0	1	0	1	1	1	0	1	0	1	0	1	0	0	1	0	0	0	0	0	1	0	1	1	1	1	1	0	0	0	1	1	0	1	1	1	1	1	
PA26	2	1	0	0	1	1	0	1	0	0	1	1	0	1	1	0	0	0	1	0	1	1	0	1	0	1	1	0	0	1	1	0	1	1	1	0	1	1	0	1	1	1	1	1	0	1	0	1	1	1	1	0	0	1	0	1	1	0	0	0	0	1	0	0	1	0	1	1	1	0	1	0	1	0	1	0	0	1	0	0	0	0	0	1	0	1	1	1	1	1	0	0	0	1	1	0	1	1	1	1	1	
PA27	2	1	0	0	1	1	0	1	0	1	1	1	0	1	1	0	0	1	0	0	0	1	0	1	1	1	1	1	0	1	1	1	0	1	0	0	1	1	0	0	1	1	1	1	0	0	1	1	1	1	1	1	0	0	0	0	1	1	1	0	1	1	1	0	1	1	0	1	1	0	1	1	0	0	0	0	0	1	0	0	0	0	0	1	1	1	1	1	1	1	0	0	0	1	1	0	1	1	1	1	1	
PA27	2	1	0	0	1	1	0	1	0	1	1	1	0	1	1	0	0	1	0	0	0	1	0	1	1	1	1	1	0	1	1	1	0	1	0	0	1	1	0	0	1	1	1	1	0	0	1	1	1	1	1	1	0	0	0	0	1	1	1	0	1	1	1	0	1	1	0	1	1	0	1	1	0	0	0	0	0	1	0	0	0	0	0	1	1	1	1	1	1	1	0	0	0	1	1	0	1	1	1	1	1	
PA28	2	1	1	1	1	1	0	1	0	0	1	1	0	1	1	0	0	0	0	0	1	1	0	1	1	1	1	1	0	1	1	1	1	1	0	0	1	1	0	0	1	1	1	1	0	1	0	1	1	1	1	1	0	1	0	1	1	0	1	0	0	1	1	0	1	0	1	1	1	1	1	0	1	0	1	0	0	1	0	0	0	0	0	1	1	1	1	1	1	1	0	0	0	1	1	0	1	1	1	1	1	
PA28	2	1	1	1	1	1	0	1	0	0	1	1	0	1	1	0	0	0	0	0	1	1	0	1	1	1	1	1	0	1	1	1	1	1	0	0	1	1	0	0	1	1	1	1	0	1	0	1	1	1	1	1	0	1	0	1	1	0	1	0	0	1	1	0	1	0	1	1	1	1	1	0	1	0	1	0	0	1	0	0	0	0	0	1	1	1	1	1	1	1	0	0	0	1	1	0	1	1	1	1	1	
PA29	2	1	1	0	1	0	0	1	0	1	1	1	0	0	1	0	0	0	0	0	1	1	0	1	1	1	1	0	0	0	1	1	1	1	1	0	1	1	0	0	1	1	0	1	0	0	0	1	1	1	0	1	0	0	0	1	1	1	0	0	0	1	0	1	1	1	0	1	1	0	1	0	0	0	1	1	1	1	0	0	0	0	0	1	1	1	1	1	0	1	0	0	0	1	1	0	1	1	1	1	0	
PA29	2	1	1	0	1	0	0	1	0	1	1	1	0	0	1	0	0	0	0	0	1	1	0	1	1	1	1	0	0	0	1	1	1	1	1	0	1	1	0	0	1	1	0	1	0	0	0	1	1	1	0	1	0	0	0	1	1	1	0	0	0	1	0	1	1	1	0	1	1	0	1	0	0	0	1	1	1	1	0	0	0	0	0	1	1	1	1	1	0	1	0	0	0	1	1	0	1	1	1	1	0	
PA30	2	1	1	1	1	1	1	0	0	1	1	1	0	1	0	0	0	0	0	0	0	1	0	1	1	1	1	0	0	1	0	1	1	1	1	0	1	1	1	0	1	1	0	1	0	1	0	1	1	1	0	0	0	1	0	0	1	1	0	0	0	1	0	1	1	0	1	1	1	0	1	0	1	1	1	0	1	1	0	0	1	0	0	1	1	1	1	1	0	1	0	0	0	1	1	0	1	1	1	1	1	
PA30	2	1	1	1	1	1	1	0	0	1	1	1	0	1	0	0	0	0	0	0	0	1	0	1	1	1	1	0	0	1	0	1	1	1	1	0	1	1	1	0	1	1	0	1	0	1	0	1	1	1	0	0	0	1	0	0	1	1	0	0	0	1	0	1	1	0	1	1	1	0	1	0	1	1	1	0	1	1	0	0	1	0	0	1	1	1	1	1	0	1	0	0	0	1	1	0	1	1	1	1	1	
PA31	2	1	1	1	1	0	0	1	0	0	1	1	0	1	0	0	0	0	0	0	1	1	0	0	1	1	1	0	0	1	1	0	1	1	1	0	1	1	0	1	1	1	0	1	0	0	1	1	1	1	0	0	0	0	0	0	1	1	0	0	0	1	0	1	1	1	0	1	1	0	1	0	1	0	1	0	0	1	0	0	0	0	0	1	1	1	1	1	0	1	0	0	0	1	1	0	1	1	1	1	1	
PA31	2	1	1	1	1	0	0	1	0	0	1	1	0	1	0	0	0	0	0	0	1	1	0	0	1	1	1	0	0	1	1	0	1	1	1	0	1	1	0	1	1	1	0	1	0	0	1	1	1	1	0	0	0	0	0	0	1	1	0	0	0	1	0	1	1	1	0	1	1	0	1	0	1	0	1	0	0	1	0	0	0	0	0	1	1	1	1	1	0	1	0	0	0	1	1	0	1	1	1	1	1	
PA32	2	1	0	1	1	0	0	1	0	0	1	1	0	1	1	0	0	1	1	0	1	1	0	0	1	1	1	0	0	1	0	1	1	1	1	0	1	1	0	0	1	1	1	1	0	0	1	1	1	1	0	1	0	1	0	0	1	1	0	0	0	1	0	0	1	1	0	1	1	0	1	0	0	0	1	0	0	1	0	0	1	0	0	1	1	1	0	1	1	1	0	0	0	1	1	0	1	1	1	1	1	
PA32	2	1	0	1	1	0	0	1	0	0	1	1	0	1	1	0	0	1	1	0	1	1	0	0	1	1	1	0	0	1	0	1	1	1	1	0	1	1	0	0	1	1	1	1	0	0	1	1	1	1	0	1	0	1	0	0	1	1	0	0	0	1	0	0	1	1	0	1	1	0	1	0	0	0	1	0	0	1	0	0	1	0	0	1	1	1	0	1	1	1	0	0	0	1	1	0	1	1	1	1	1	
PA33	2	1	1	1	1	0	0	1	0	1	1	1	0	1	1	0	0	0	0	0	1	1	0	0	1	1	1	1	0	1	0	0	1	1	0	0	1	1	0	0	1	1	0	1	0	0	1	1	1	1	0	1	0	1	0	0	1	1	1	0	1	1	1	0	1	1	0	1	1	0	1	0	0	0	1	1	0	1	0	0	0	0	0	1	1	1	1	1	0	1	0	0	0	1	1	0	1	1	1	1	1	
PA33	2	1	1	1	1	0	0	1	0	1	1	1	0	1	1	0	0	0	0	0	1	1	0	0	1	1	1	1	0	1	0	0	1	1	0	0	1	1	0	0	1	1	0	1	0	0	1	1	1	1	0	1	0	1	0	0	1	1	1	0	1	1	1	0	1	1	0	1	1	0	1	0	0	0	1	1	0	1	0	0	0	0	0	1	1	1	1	1	0	1	0	0	0	1	1	0	1	1	1	1	1	
PA34	2	1	1	1	1	0	1	1	0	1	1	1	1	1	1	0	0	0	0	0	0	1	0	0	1	1	1	0	0	1	1	1	1	1	1	0	1	1	0	0	1	1	1	1	0	0	0	1	1	1	1	1	0	0	0	1	1	0	1	0	0	1	0	0	1	1	1	1	1	0	1	0	1	0	1	0	0	1	0	0	0	0	0	1	1	1	1	1	0	1	0	0	0	1	1	0	1	1	1	1	1	
PA34	2	1	1	1	1	0	1	1	0	1	1	1	1	1	1	0	0	0	0	0	0	1	0	0	1	1	1	0	0	1	1	1	1	1	1	0	1	1	0	0	1	1	1	1	0	0	0	1	1	1	1	1	0	0	0	1	1	0	1	0	0	1	0	0	1	1	1	1	1	0	1	0	1	0	1	0	0	1	0	0	0	0	0	1	1	1	1	1	0	1	0	0	0	1	1	0	1	1	1	1	1	
PA35	2	1	1	0	1	0	0	1	0	1	1	1	0	1	0	0	0	1	0	0	1	1	0	1	1	1	1	0	0	1	1	1	1	1	0	1	1	1	0	0	1	1	0	1	0	0	1	1	1	1	0	1	0	0	0	1	1	0	0	0	0	1	0	0	1	0	1	1	1	0	1	0	0	0	1	0	0	1	0	0	0	0	0	1	1	1	1	1	1	1	0	0	0	1	1	0	1	1	1	1	1	
PA35	2	1	1	0	1	0	0	1	0	1	1	1	0	1	0	0	0	1	0	0	1	1	0	1	1	1	1	0	0	1	1	1	1	1	0	1	1	1	0	0	1	1	0	1	0	0	1	1	1	1	0	1	0	0	0	1	1	0	0	0	0	1	0	0	1	0	1	1	1	0	1	0	0	0	1	0	0	1	0	0	0	0	0	1	1	1	1	1	1	1	0	0	0	1	1	0	1	1	1	1	1	
PA36	2	1	0	0	1	0	0	1	0	1	1	1	0	1	1	0	0	0	0	0	0	1	0	1	1	1	1	0	0	1	1	1	1	1	0	0	1	1	0	0	1	0	0	1	0	1	0	1	1	1	1	1	0	0	0	1	1	1	0	0	0	1	0	0	0	1	1	1	1	0	1	0	1	0	1	0	1	1	0	0	1	0	0	1	1	1	1	1	1	1	0	0	0	1	1	0	1	0	1	1	0	
PA36	2	1	0	0	1	0	0	1	0	1	1	1	0	1	1	0	0	0	0	0	0	1	0	1	1	1	1	0	0	1	1	1	1	1	0	0	1	1	0	0	1	0	0	1	0	1	0	1	1	1	1	1	0	0	0	1	1	1	0	0	0	1	0	0	0	1	1	1	1	0	1	0	1	0	1	0	1	1	0	0	1	0	0	1	1	1	1	1	1	1	0	0	0	1	1	0	1	0	1	1	0	
PA37	2	1	1	1	1	1	0	1	0	0	1	1	0	1	1	0	0	1	1	1	1	1	0	1	1	1	1	1	0	1	1	1	1	1	1	1	1	1	0	0	1	1	0	1	0	0	1	1	1	1	0	1	0	0	0	1	1	0	1	0	0	1	0	1	1	0	0	1	1	0	1	1	1	0	1	0	1	1	0	0	0	0	1	1	1	1	1	1	0	1	0	1	0	1	1	0	1	1	1	1	1	
PA37	2	1	1	1	1	1	0	1	0	0	1	1	0	1	1	0	0	1	1	1	1	1	0	1	1	1	1	1	0	1	1	1	1	1	1	1	1	1	0	0	1	1	0	1	0	0	1	1	1	1	0	1	0	0	0	1	1	0	1	0	0	1	0	1	1	0	0	1	1	0	1	1	1	0	1	0	1	1	0	0	0	0	1	1	1	1	1	1	0	1	0	1	0	1	1	0	1	1	1	1	1	
PA38	2	1	1	0	1	0	0	1	0	0	1	1	0	1	1	0	0	0	0	1	1	1	1	0	1	1	1	0	0	1	1	0	1	1	1	0	1	1	0	0	1	1	1	1	0	0	1	1	1	1	0	0	0	1	1	1	1	0	1	0	0	1	1	1	1	0	1	1	1	0	1	1	0	0	1	0	0	1	0	0	0	0	0	1	1	1	1	1	1	1	0	0	0	1	1	0	1	1	1	1	1	
PA38	2	1	1	0	1	0	0	1	0	0	1	1	0	1	1	0	0	0	0	1	1	1	1	0	1	1	1	0	0	1	1	0	1	1	1	0	1	1	0	0	1	1	1	1	0	0	1	1	1	1	0	0	0	1	1	1	1	0	1	0	0	1	1	1	1	0	1	1	1	0	1	1	0	0	1	0	0	1	0	0	0	0	0	1	1	1	1	1	1	1	0	0	0	1	1	0	1	1	1	1	1	
PA39	2	1	0	0	1	1	0	1	0	1	1	1	0	1	1	0	0	0	1	0	1	1	0	0	1	1	1	0	0	0	0	1	1	1	0	0	1	1	1	0	1	1	0	1	0	0	1	1	1	1	0	1	0	0	0	1	1	0	0	0	0	1	0	1	1	1	1	1	1	0	1	0	0	0	1	1	0	1	0	0	0	0	0	1	1	0	1	1	1	1	0	0	0	1	1	0	1	1	1	1	1	
PA39	2	1	0	0	1	1	0	1	0	1	1	1	0	1	1	0	0	0	1	0	1	1	0	0	1	1	1	0	0	0	0	1	1	1	0	0	1	1	1	0	1	1	0	1	0	0	1	1	1	1	0	1	0	0	0	1	1	0	0	0	0	1	0	1	1	1	1	1	1	0	1	0	0	0	1	1	0	1	0	0	0	0	0	1	1	0	1	1	1	1	0	0	0	1	1	0	1	1	1	1	1	
PA40	2	1	0	1	1	0	0	1	0	0	1	1	0	1	1	0	0	0	0	0	1	1	0	0	1	1	1	1	0	1	1	1	1	1	1	0	1	1	0	0	1	1	1	1	0	0	1	1	0	1	0	0	0	1	0	1	1	0	0	0	0	1	0	1	1	1	1	1	1	0	1	0	1	0	1	0	0	1	0	0	0	0	0	1	1	1	0	1	1	1	0	0	0	1	1	0	1	1	1	1	1	
PA40	2	1	0	1	1	0	0	1	0	0	1	1	0	1	1	0	0	0	0	0	1	1	0	0	1	1	1	1	0	1	1	1	1	1	1	0	1	1	0	0	1	1	1	1	0	0	1	1	0	1	0	0	0	1	0	1	1	0	0	0	0	1	0	1	1	1	1	1	1	0	1	0	1	0	1	0	0	1	0	0	0	0	0	1	1	1	0	1	1	1	0	0	0	1	1	0	1	1	1	1	1	
PA41	2	1	1	1	1	0	0	1	0	0	1	1	0	1	1	0	0	1	0	0	1	1	1	1	0	1	1	0	0	1	1	0	1	1	1	0	1	1	0	0	1	1	1	1	0	0	1	1	1	1	0	0	0	0	1	1	1	0	1	0	0	1	0	0	1	1	1	1	1	0	1	0	1	0	1	1	1	1	0	0	0	0	0	1	1	1	1	1	0	1	0	0	0	1	1	0	1	1	1	1	1	
PA41	2	1	1	1	1	0	0	1	0	0	1	1	0	1	1	0	0	1	0	0	1	1	1	1	0	1	1	0	0	1	1	0	1	1	1	0	1	1	0	0	1	1	1	1	0	0	1	1	1	1	0	0	0	0	1	1	1	0	1	0	0	1	0	0	1	1	1	1	1	0	1	0	1	0	1	1	1	1	0	0	0	0	0	1	1	1	1	1	0	1	0	0	0	1	1	0	1	1	1	1	1	
PA42	2	1	1	1	1	1	0	1	0	0	1	1	0	1	1	0	0	0	0	0	1	1	1	1	1	1	1	1	0	1	0	0	1	1	1	0	1	1	0	0	1	1	0	0	0	0	1	1	0	1	0	1	0	1	0	0	1	1	0	0	0	1	0	1	1	1	0	1	1	0	1	1	0	1	1	0	1	1	0	0	0	0	1	1	1	1	1	1	0	1	0	0	0	1	1	0	1	1	1	1	1	
PA42	2	1	1	1	1	1	0	1	0	0	1	1	0	1	1	0	0	0	0	0	1	1	1	1	1	1	1	1	0	1	0	0	1	1	1	0	1	1	0	0	1	1	0	0	0	0	1	1	0	1	0	1	0	1	0	0	1	1	0	0	0	1	0	1	1	1	0	1	1	0	1	1	0	1	1	0	1	1	0	0	0	0	1	1	1	1	1	1	0	1	0	0	0	1	1	0	1	1	1	1	1	
PA43	2	1	0	0	1	1	0	0	0	0	1	1	0	1	1	0	0	1	0	0	1	1	0	1	1	1	1	0	0	1	0	1	1	1	1	0	1	1	0	0	1	1	1	1	1	0	0	1	1	1	0	1	0	0	0	1	1	1	1	0	0	1	1	1	1	1	1	1	1	0	1	0	1	0	1	0	0	1	0	0	0	0	0	1	1	1	0	1	0	1	0	0	0	1	1	0	1	1	0	1	1	
PA43	2	1	0	0	1	1	0	0	0	0	1	1	0	1	1	0	0	1	0	0	1	1	0	1	1	1	1	0	0	1	0	1	1	1	1	0	1	1	0	0	1	1	1	1	1	0	0	1	1	1	0	1	0	0	0	1	1	1	1	0	0	1	1	1	1	1	1	1	1	0	1	0	1	0	1	0	0	1	0	0	0	0	0	1	1	1	0	1	0	1	0	0	0	1	1	0	1	1	0	1	1	
PA44	2	1	0	0	1	0	0	1	0	1	1	1	0	1	1	0	0	1	0	0	1	1	0	1	1	1	1	0	0	1	0	1	1	1	1	0	1	1	0	1	1	1	0	1	1	1	1	1	0	1	1	0	0	1	0	0	1	1	1	0	0	1	0	0	1	0	1	1	1	0	1	0	0	0	1	0	0	1	0	0	0	0	1	1	1	1	1	1	1	1	0	0	0	1	1	0	1	1	1	1	1	
PA44	2	1	0	0	1	0	0	1	0	1	1	1	0	1	1	0	0	1	0	0	1	1	0	1	1	1	1	0	0	1	0	1	1	1	1	0	1	1	0	1	1	1	0	1	1	1	1	1	0	1	1	0	0	1	0	0	1	1	1	0	0	1	0	0	1	0	1	1	1	0	1	0	0	0	1	0	0	1	0	0	0	0	1	1	1	1	1	1	1	1	0	0	0	1	1	0	1	1	1	1	1	
PA45	2	1	1	1	1	0	0	1	0	0	1	1	0	0	1	0	0	1	0	0	1	1	0	1	1	1	1	0	0	1	1	1	1	1	1	0	1	1	0	0	1	1	1	1	0	1	0	1	1	1	0	1	0	1	0	0	1	0	1	0	0	1	0	0	1	1	0	1	1	0	1	0	0	0	1	0	0	1	0	0	0	0	0	1	1	1	1	1	1	1	0	0	0	1	1	0	1	0	1	1	1	
PA45	2	1	1	1	1	0	0	1	0	0	1	1	0	0	1	0	0	1	0	0	1	1	0	1	1	1	1	0	0	1	1	1	1	1	1	0	1	1	0	0	1	1	1	1	0	1	0	1	1	1	0	1	0	1	0	0	1	0	1	0	0	1	0	0	1	1	0	1	1	0	1	0	0	0	1	0	0	1	0	0	0	0	0	1	1	1	1	1	1	1	0	0	0	1	1	0	1	0	1	1	1	
PA46	2	1	0	0	1	0	0	0	0	0	1	1	0	0	1	0	0	0	0	1	1	1	0	1	1	1	1	0	0	1	0	0	1	1	1	0	0	1	0	0	1	1	1	1	0	0	1	1	1	1	0	1	0	1	0	1	1	1	1	0	0	1	0	0	1	1	1	1	1	0	1	0	0	0	1	0	0	1	0	0	1	0	0	1	1	1	1	1	0	1	0	0	0	1	1	0	1	1	1	1	1	
PA46	2	1	0	0	1	0	0	0	0	0	1	1	0	0	1	0	0	0	0	1	1	1	0	1	1	1	1	0	0	1	0	0	1	1	1	0	0	1	0	0	1	1	1	1	0	0	1	1	1	1	0	1	0	1	0	1	1	1	1	0	0	1	0	0	1	1	1	1	1	0	1	0	0	0	1	0	0	1	0	0	1	0	0	1	1	1	1	1	0	1	0	0	0	1	1	0	1	1	1	1	1	
PA47	2	1	1	1	1	0	0	1	0	0	1	1	0	1	1	0	0	1	1	1	1	1	0	1	1	1	1	0	0	0	0	1	1	1	1	0	1	1	0	0	1	1	0	1	0	0	1	1	1	1	0	1	0	0	0	1	1	0	1	0	0	1	0	0	1	1	1	1	1	0	1	1	0	0	1	0	1	1	0	0	0	0	0	1	1	1	1	1	0	1	0	0	0	1	1	0	1	0	1	1	1	
PA47	2	1	1	1	1	0	0	1	0	0	1	1	0	1	1	0	0	1	1	1	1	1	0	1	1	1	1	0	0	0	0	1	1	1	1	0	1	1	0	0	1	1	0	1	0	0	1	1	1	1	0	1	0	0	0	1	1	0	1	0	0	1	0	0	1	1	1	1	1	0	1	1	0	0	1	0	1	1	0	0	0	0	0	1	1	1	1	1	0	1	0	0	0	1	1	0	1	0	1	1	1	
PA48	2	1	1	1	1	0	0	1	0	1	1	1	0	1	1	0	0	0	0	0	0	1	0	1	1	1	1	0	0	1	1	1	1	1	1	0	1	1	0	0	1	1	1	1	0	0	1	1	1	1	0	1	0	1	0	1	1	1	1	0	0	1	1	0	1	0	1	1	1	1	1	0	0	0	1	1	1	1	0	0	0	0	1	1	1	1	1	1	1	1	0	1	0	1	1	0	1	1	1	1	0	
PA48	2	1	1	1	1	0	0	1	0	1	1	1	0	1	1	0	0	0	0	0	0	1	0	1	1	1	1	0	0	1	1	1	1	1	1	0	1	1	0	0	1	1	1	1	0	0	1	1	1	1	0	1	0	1	0	1	1	1	1	0	0	1	1	0	1	0	1	1	1	1	1	0	0	0	1	1	1	1	0	0	0	0	1	1	1	1	1	1	1	1	0	1	0	1	1	0	1	1	1	1	0	
PA49	2	1	0	0	1	1	0	1	0	0	1	1	0	0	1	0	0	1	0	0	0	1	1	1	0	1	0	1	0	1	0	1	1	1	1	0	1	1	0	0	1	1	1	1	0	1	0	1	1	1	1	1	0	1	0	1	1	0	1	0	0	1	1	1	1	1	0	1	0	0	1	0	0	0	1	0	1	1	0	0	0	0	1	1	1	1	1	1	1	1	0	0	0	1	1	0	1	1	1	1	1	
PA49	2	1	0	0	1	1	0	1	0	0	1	1	0	0	1	0	0	1	0	0	0	1	1	1	0	1	0	1	0	1	0	1	1	1	1	0	1	1	0	0	1	1	1	1	0	1	0	1	1	1	1	1	0	1	0	1	1	0	1	0	0	1	1	1	1	1	0	1	0	0	1	0	0	0	1	0	1	1	0	0	0	0	1	1	1	1	1	1	1	1	0	0	0	1	1	0	1	1	1	1	1	
PA50	2	1	1	1	1	0	0	1	0	0	1	1	0	1	1	0	0	0	0	0	1	1	0	1	1	1	1	0	0	0	1	1	1	1	1	0	1	1	0	1	1	1	1	1	0	1	0	1	1	1	0	1	0	1	0	1	1	1	1	0	0	1	0	1	1	1	1	1	1	0	1	0	0	0	1	1	1	1	0	0	0	0	0	1	1	1	1	1	0	1	0	0	0	1	1	0	1	1	1	1	1	
PA50	2	1	1	1	1	0	0	1	0	0	1	1	0	1	1	0	0	0	0	0	1	1	0	1	1	1	1	0	0	0	1	1	1	1	1	0	1	1	0	1	1	1	1	1	0	1	0	1	1	1	0	1	0	1	0	1	1	1	1	0	0	1	0	1	1	1	1	1	1	0	1	0	0	0	1	1	1	1	0	0	0	0	0	1	1	1	1	1	0	1	0	0	0	1	1	0	1	1	1	1	1	
PA51	2	1	0	0	1	0	0	1	0	0	1	1	0	1	1	0	0	0	0	0	0	1	0	1	1	1	1	1	0	1	1	1	1	1	1	0	1	1	0	1	1	1	0	1	0	0	1	1	1	1	0	1	0	1	1	1	1	1	0	0	0	1	0	1	1	0	1	1	1	0	1	1	1	0	1	0	1	1	0	0	0	0	0	1	1	1	0	1	1	1	0	0	0	1	1	0	1	1	1	1	1	
PA51	2	1	0	0	1	0	0	1	0	0	1	1	0	1	1	0	0	0	0	0	0	1	0	1	1	1	1	1	0	1	1	1	1	1	1	0	1	1	0	1	1	1	0	1	0	0	1	1	1	1	0	1	0	1	1	1	1	1	0	0	0	1	0	1	1	0	1	1	1	0	1	1	1	0	1	0	1	1	0	0	0	0	0	1	1	1	0	1	1	1	0	0	0	1	1	0	1	1	1	1	1	
PA52	2	1	1	0	1	1	0	1	0	1	1	1	0	1	1	0	0	0	1	0	0	1	0	1	1	1	1	0	0	1	1	1	1	1	1	0	1	1	0	0	1	1	0	1	0	0	0	1	1	1	0	1	0	1	0	1	1	0	0	0	1	1	0	1	1	1	1	1	1	0	1	1	0	0	1	0	1	1	0	0	0	0	0	1	1	1	0	1	0	1	0	0	0	1	1	0	1	1	1	1	1	
PA52	2	1	1	0	1	1	0	1	0	1	1	1	0	1	1	0	0	0	1	0	0	1	0	1	1	1	1	0	0	1	1	1	1	1	1	0	1	1	0	0	1	1	0	1	0	0	0	1	1	1	0	1	0	1	0	1	1	0	0	0	1	1	0	1	1	1	1	1	1	0	1	1	0	0	1	0	1	1	0	0	0	0	0	1	1	1	0	1	0	1	0	0	0	1	1	0	1	1	1	1	1	
PA53	2	1	0	0	1	1	0	1	0	0	1	1	0	1	1	0	1	0	0	0	1	1	1	1	0	1	1	0	0	1	0	1	1	1	0	0	1	1	0	0	1	1	0	1	0	1	0	1	1	1	0	1	0	1	0	0	1	0	1	0	0	1	0	0	1	1	1	0	1	0	1	0	0	0	1	0	0	1	0	0	1	0	0	1	1	1	1	1	1	1	0	0	0	1	1	0	1	0	1	1	0	
PA53	2	1	0	0	1	1	0	1	0	0	1	1	0	1	1	0	1	0	0	0	1	1	1	1	0	1	1	0	0	1	0	1	1	1	0	0	1	1	0	0	1	1	0	1	0	1	0	1	1	1	0	1	0	1	0	0	1	0	1	0	0	1	0	0	1	1	1	0	1	0	1	0	0	0	1	0	0	1	0	0	1	0	0	1	1	1	1	1	1	1	0	0	0	1	1	0	1	0	1	1	0	
PA54	2	1	1	1	1	1	0	1	0	1	1	1	0	1	0	0	1	0	0	0	1	1	0	1	0	1	1	0	0	0	0	0	1	1	1	0	1	1	1	0	0	1	0	0	0	0	0	1	1	1	0	1	0	1	0	1	1	0	0	0	0	1	0	0	1	0	1	1	0	0	1	0	0	0	1	0	1	1	1	0	0	0	1	1	1	1	1	1	1	1	0	0	0	1	1	0	1	1	1	1	1	
PA54	2	1	1	1	1	1	0	1	0	1	1	1	0	1	0	0	1	0	0	0	1	1	0	1	0	1	1	0	0	0	0	0	1	1	1	0	1	1	1	0	0	1	0	0	0	0	0	1	1	1	0	1	0	1	0	1	1	0	0	0	0	1	0	0	1	0	1	1	0	0	1	0	0	0	1	0	1	1	1	0	0	0	1	1	1	1	1	1	1	1	0	0	0	1	1	0	1	1	1	1	1	
PA55	2	1	1	0	1	0	0	0	0	0	1	1	0	1	1	0	0	0	0	1	1	1	0	1	1	1	1	0	0	1	1	0	1	1	1	0	1	1	0	0	1	1	0	1	0	0	1	1	1	1	0	1	0	1	0	1	1	0	1	0	1	1	0	0	1	1	1	1	1	0	1	0	0	0	1	0	0	1	0	0	0	0	0	1	1	1	1	1	1	1	0	0	0	1	1	0	1	1	1	1	1	
PA55	2	1	1	0	1	0	0	0	0	0	1	1	0	1	1	0	0	0	0	1	1	1	0	1	1	1	1	0	0	1	1	0	1	1	1	0	1	1	0	0	1	1	0	1	0	0	1	1	1	1	0	1	0	1	0	1	1	0	1	0	1	1	0	0	1	1	1	1	1	0	1	0	0	0	1	0	0	1	0	0	0	0	0	1	1	1	1	1	1	1	0	0	0	1	1	0	1	1	1	1	1	
PA56	2	1	1	0	1	0	0	1	0	0	1	1	0	1	1	0	0	1	1	0	1	1	1	1	1	1	1	1	0	0	0	1	1	1	1	1	1	0	0	1	1	1	0	1	0	0	1	1	1	1	0	1	0	1	0	1	1	1	1	0	0	1	0	1	1	1	0	1	1	0	1	0	0	1	1	1	0	1	0	0	1	0	0	1	1	1	0	1	1	1	0	0	0	1	1	0	1	1	1	1	1	
PA56	2	1	1	0	1	0	0	1	0	0	1	1	0	1	1	0	0	1	1	0	1	1	1	1	1	1	1	1	0	0	0	1	1	1	1	1	1	0	0	1	1	1	0	1	0	0	1	1	1	1	0	1	0	1	0	1	1	1	1	0	0	1	0	1	1	1	0	1	1	0	1	0	0	1	1	1	0	1	0	0	1	0	0	1	1	1	0	1	1	1	0	0	0	1	1	0	1	1	1	1	1	
PA57	2	1	1	0	1	0	0	1	0	0	1	1	0	1	1	0	0	0	0	0	1	1	0	0	1	1	1	1	0	1	0	0	1	1	0	0	1	1	0	0	1	1	0	1	0	1	1	1	1	1	0	1	0	0	0	1	1	1	0	0	0	1	0	0	1	1	0	1	0	0	1	1	1	0	1	1	0	1	0	0	0	0	0	1	1	1	1	1	1	1	0	0	0	1	1	0	1	1	1	1	1	
PA57	2	1	1	0	1	0	0	1	0	0	1	1	0	1	1	0	0	0	0	0	1	1	0	0	1	1	1	1	0	1	0	0	1	1	0	0	1	1	0	0	1	1	0	1	0	1	1	1	1	1	0	1	0	0	0	1	1	1	0	0	0	1	0	0	1	1	0	1	0	0	1	1	1	0	1	1	0	1	0	0	0	0	0	1	1	1	1	1	1	1	0	0	0	1	1	0	1	1	1	1	1	
PA58	2	1	1	0	1	0	0	1	0	1	1	1	0	1	0	0	0	1	0	0	1	1	0	0	1	1	1	0	0	1	0	1	1	1	1	0	0	1	0	0	1	1	1	1	0	1	1	1	1	1	0	1	0	1	0	1	1	0	0	0	0	1	0	0	1	0	0	1	0	0	1	0	1	0	1	0	0	1	0	0	0	0	0	1	1	1	1	1	1	1	0	0	0	1	1	0	1	1	1	1	1	
PA58	2	1	1	0	1	0	0	1	0	1	1	1	0	1	0	0	0	1	0	0	1	1	0	0	1	1	1	0	0	1	0	1	1	1	1	0	0	1	0	0	1	1	1	1	0	1	1	1	1	1	0	1	0	1	0	1	1	0	0	0	0	1	0	0	1	0	0	1	0	0	1	0	1	0	1	0	0	1	0	0	0	0	0	1	1	1	1	1	1	1	0	0	0	1	1	0	1	1	1	1	1	
PA59	2	1	0	1	1	1	0	1	0	1	1	1	0	1	0	0	0	0	0	1	1	1	1	1	1	1	1	1	0	1	1	1	1	1	1	0	1	1	1	0	1	1	0	1	0	0	0	1	1	1	0	0	0	1	0	1	1	0	1	0	0	1	0	1	1	1	1	1	0	0	1	0	0	0	1	1	0	1	0	0	0	0	0	1	1	1	1	1	0	1	0	0	0	1	1	0	1	1	1	1	1	
PA59	2	1	0	1	1	1	0	1	0	1	1	1	0	1	0	0	0	0	0	1	1	1	1	1	1	1	1	1	0	1	1	1	1	1	1	0	1	1	1	0	1	1	0	1	0	0	0	1	1	1	0	0	0	1	0	1	1	0	1	0	0	1	0	1	1	1	1	1	0	0	1	0	0	0	1	1	0	1	0	0	0	0	0	1	1	1	1	1	0	1	0	0	0	1	1	0	1	1	1	1	1	
PA60	2	1	1	0	1	0	0	1	0	0	1	1	0	1	1	0	0	0	0	0	0	1	0	1	1	1	1	0	0	0	0	1	1	1	1	0	1	1	0	1	1	1	0	1	0	0	1	1	1	1	0	1	0	1	0	1	1	0	1	0	1	1	0	1	1	1	1	1	0	0	1	1	0	0	1	1	1	1	0	0	1	0	0	1	1	1	1	1	0	1	0	0	0	1	1	0	1	1	1	1	1	
PA60	2	1	1	0	1	0	0	1	0	0	1	1	0	1	1	0	0	0	0	0	0	1	0	1	1	1	1	0	0	0	0	1	1	1	1	0	1	1	0	1	1	1	0	1	0	0	1	1	1	1	0	1	0	1	0	1	1	0	1	0	1	1	0	1	1	1	1	1	0	0	1	1	0	0	1	1	1	1	0	0	1	0	0	1	1	1	1	1	0	1	0	0	0	1	1	0	1	1	1	1	1	
PA61	2	1	0	1	1	0	0	1	0	0	1	1	0	1	0	0	0	0	0	1	1	1	1	0	1	1	1	0	0	1	0	1	1	1	1	0	1	1	0	0	1	1	0	1	0	1	0	1	1	1	1	1	0	0	0	1	1	1	1	0	1	1	0	0	1	1	1	1	1	0	1	0	1	0	1	1	1	1	0	0	0	0	0	1	1	1	0	1	1	1	0	0	0	1	1	0	1	1	1	1	1	
PA61	2	1	0	1	1	0	0	1	0	0	1	1	0	1	0	0	0	0	0	1	1	1	1	0	1	1	1	0	0	1	0	1	1	1	1	0	1	1	0	0	1	1	0	1	0	1	0	1	1	1	1	1	0	0	0	1	1	1	1	0	1	1	0	0	1	1	1	1	1	0	1	0	1	0	1	1	1	1	0	0	0	0	0	1	1	1	0	1	1	1	0	0	0	1	1	0	1	1	1	1	1	
PA62	2	1	0	0	1	0	0	1	0	0	1	1	0	0	1	0	1	0	0	0	1	1	1	1	1	1	1	0	0	0	1	0	1	1	1	0	1	1	0	0	1	1	0	1	0	1	1	1	1	1	0	1	0	1	0	0	1	0	0	0	0	1	0	0	1	0	1	1	1	0	1	1	1	0	1	0	1	1	1	0	0	0	0	1	1	1	0	1	0	1	0	0	0	1	1	0	1	1	1	1	1	
PA62	2	1	0	0	1	0	0	1	0	0	1	1	0	0	1	0	1	0	0	0	1	1	1	1	1	1	1	0	0	0	1	0	1	1	1	0	1	1	0	0	1	1	0	1	0	1	1	1	1	1	0	1	0	1	0	0	1	0	0	0	0	1	0	0	1	0	1	1	1	0	1	1	1	0	1	0	1	1	1	0	0	0	0	1	1	1	0	1	0	1	0	0	0	1	1	0	1	1	1	1	1	
PA63	2	1	1	0	1	1	0	1	0	0	1	1	1	1	1	1	0	0	0	0	1	1	0	1	0	1	1	1	0	1	0	1	1	1	1	1	1	1	0	0	1	1	0	1	0	0	1	1	1	1	0	1	0	1	0	1	0	1	1	0	1	1	0	1	1	0	1	1	1	0	1	0	1	0	1	0	1	1	0	0	0	0	0	1	1	1	1	1	0	1	0	0	0	1	1	0	1	1	1	1	1	
PA63	2	1	1	0	1	1	0	1	0	0	1	1	1	1	1	1	0	0	0	0	1	1	0	1	0	1	1	1	0	1	0	1	1	1	1	1	1	1	0	0	1	1	0	1	0	0	1	1	1	1	0	1	0	1	0	1	0	1	1	0	1	1	0	1	1	0	1	1	1	0	1	0	1	0	1	0	1	1	0	0	0	0	0	1	1	1	1	1	0	1	0	0	0	1	1	0	1	1	1	1	1	
PA64	2	1	0	1	1	0	1	0	0	0	1	1	0	1	1	0	0	0	0	0	1	1	1	1	1	1	1	1	0	1	0	1	1	1	0	0	1	1	0	0	1	1	1	1	0	0	0	1	1	1	0	0	0	0	1	1	1	0	1	0	1	1	1	1	1	1	0	1	1	0	1	1	0	0	1	0	1	1	0	0	0	0	0	1	1	1	1	1	1	1	0	0	0	0	1	0	1	1	1	1	0	
PA64	2	1	0	1	1	0	1	0	0	0	1	1	0	1	1	0	0	0	0	0	1	1	1	1	1	1	1	1	0	1	0	1	1	1	0	0	1	1	0	0	1	1	1	1	0	0	0	1	1	1	0	0	0	0	1	1	1	0	1	0	1	1	1	1	1	1	0	1	1	0	1	1	0	0	1	0	1	1	0	0	0	0	0	1	1	1	1	1	1	1	0	0	0	0	1	0	1	1	1	1	0	
PA65	2	1	0	0	1	1	0	1	0	0	1	1	0	1	1	1	0	0	1	0	0	1	0	1	1	1	1	1	0	1	1	1	1	1	1	0	1	1	0	0	1	1	0	1	0	0	1	1	1	1	0	1	0	1	0	1	1	0	1	0	1	1	0	0	1	1	1	1	1	0	1	0	1	0	1	0	0	1	0	0	0	0	1	1	1	1	0	1	1	1	0	0	0	1	1	0	1	1	1	1	1	
PA65	2	1	0	0	1	1	0	1	0	0	1	1	0	1	1	1	0	0	1	0	0	1	0	1	1	1	1	1	0	1	1	1	1	1	1	0	1	1	0	0	1	1	0	1	0	0	1	1	1	1	0	1	0	1	0	1	1	0	1	0	1	1	0	0	1	1	1	1	1	0	1	0	1	0	1	0	0	1	0	0	0	0	1	1	1	1	0	1	1	1	0	0	0	1	1	0	1	1	1	1	1	
PA66	2	1	0	1	1	1	0	1	0	0	1	1	0	1	0	0	0	0	0	0	1	1	0	0	1	1	1	1	0	1	0	0	1	1	1	0	1	1	0	0	1	1	0	1	0	1	1	1	1	1	0	1	0	1	0	0	1	0	0	0	1	1	0	0	1	0	1	1	1	0	1	0	0	0	1	0	0	1	0	0	0	0	0	1	1	1	1	1	0	1	0	0	0	1	1	0	1	1	1	1	1	
PA66	2	1	0	1	1	1	0	1	0	0	1	1	0	1	0	0	0	0	0	0	1	1	0	0	1	1	1	1	0	1	0	0	1	1	1	0	1	1	0	0	1	1	0	1	0	1	1	1	1	1	0	1	0	1	0	0	1	0	0	0	1	1	0	0	1	0	1	1	1	0	1	0	0	0	1	0	0	1	0	0	0	0	0	1	1	1	1	1	0	1	0	0	0	1	1	0	1	1	1	1	1	
PA67	2	1	1	0	1	0	0	1	0	0	1	1	0	1	1	0	1	0	0	1	0	1	0	0	1	1	0	0	1	1	1	1	1	1	1	0	1	1	0	0	1	1	1	1	0	1	0	1	1	1	0	1	0	0	0	0	1	1	0	0	0	0	1	1	1	1	1	1	1	0	1	1	1	0	1	0	1	1	0	0	0	0	0	1	1	1	1	1	0	1	0	0	0	1	1	0	1	1	1	1	1	
PA67	2	1	1	0	1	0	0	1	0	0	1	1	0	1	1	0	1	0	0	1	0	1	0	0	1	1	0	0	1	1	1	1	1	1	1	0	1	1	0	0	1	1	1	1	0	1	0	1	1	1	0	1	0	0	0	0	1	1	0	0	0	0	1	1	1	1	1	1	1	0	1	1	1	0	1	0	1	1	0	0	0	0	0	1	1	1	1	1	0	1	0	0	0	1	1	0	1	1	1	1	1	
PA68	2	1	1	0	1	0	0	1	0	0	1	1	0	1	0	0	0	1	0	0	1	1	0	0	1	1	1	0	0	1	0	0	1	1	1	0	0	1	0	1	1	1	0	0	0	1	1	1	1	1	0	1	0	1	0	1	1	1	0	0	1	1	0	0	1	1	1	1	1	0	1	0	0	0	1	1	1	1	0	0	0	0	0	1	1	1	1	1	0	1	0	0	0	1	1	0	1	1	1	1	1	
PA68	2	1	1	0	1	0	0	1	0	0	1	1	0	1	0	0	0	1	0	0	1	1	0	0	1	1	1	0	0	1	0	0	1	1	1	0	0	1	0	1	1	1	0	0	0	1	1	1	1	1	0	1	0	1	0	1	1	1	0	0	1	1	0	0	1	1	1	1	1	0	1	0	0	0	1	1	1	1	0	0	0	0	0	1	1	1	1	1	0	1	0	0	0	1	1	0	1	1	1	1	1	
PA69	2	1	0	0	1	1	0	1	0	0	1	1	0	0	1	1	1	0	0	0	0	1	0	0	1	1	1	1	0	1	1	1	1	1	1	0	1	1	0	0	1	1	0	1	0	0	1	1	1	1	0	1	0	1	0	0	1	1	1	0	1	1	0	1	1	1	1	1	1	0	1	1	0	0	1	0	1	1	0	0	0	0	0	1	1	1	1	1	1	1	0	0	0	1	1	0	0	1	1	1	1	
PA69	2	1	0	0	1	1	0	1	0	0	1	1	0	0	1	1	1	0	0	0	0	1	0	0	1	1	1	1	0	1	1	1	1	1	1	0	1	1	0	0	1	1	0	1	0	0	1	1	1	1	0	1	0	1	0	0	1	1	1	0	1	1	0	1	1	1	1	1	1	0	1	1	0	0	1	0	1	1	0	0	0	0	0	1	1	1	1	1	1	1	0	0	0	1	1	0	0	1	1	1	1	
PA70	2	1	1	0	1	0	1	1	1	0	1	1	0	0	1	0	1	0	0	0	0	1	0	1	0	1	1	0	0	1	1	1	1	1	1	0	1	1	0	0	1	1	0	1	0	0	0	1	0	1	0	1	0	1	1	1	1	0	0	0	1	1	0	1	1	0	1	1	1	0	1	0	1	0	1	0	1	1	0	0	0	0	1	1	1	1	0	1	1	1	0	1	0	1	1	0	1	1	1	1	1	
PA70	2	1	1	0	1	0	1	1	1	0	1	1	0	0	1	0	1	0	0	0	0	1	0	1	0	1	1	0	0	1	1	1	1	1	1	0	1	1	0	0	1	1	0	1	0	0	0	1	0	1	0	1	0	1	1	1	1	0	0	0	1	1	0	1	1	0	1	1	1	0	1	0	1	0	1	0	1	1	0	0	0	0	1	1	1	1	0	1	1	1	0	1	0	1	1	0	1	1	1	1	1	
PA71	2	1	1	1	1	1	1	1	0	1	1	1	0	0	1	0	1	0	0	0	0	1	1	0	1	1	1	1	0	1	0	1	1	1	1	0	1	1	0	0	1	1	0	1	0	0	0	1	1	1	1	1	0	1	0	1	1	0	0	0	0	1	1	0	1	1	1	1	1	0	1	0	1	0	1	0	1	1	0	0	0	0	0	1	1	1	0	1	1	1	0	0	0	1	1	0	1	1	1	1	1	
PA71	2	1	1	1	1	1	1	1	0	1	1	1	0	0	1	0	1	0	0	0	0	1	1	0	1	1	1	1	0	1	0	1	1	1	1	0	1	1	0	0	1	1	0	1	0	0	0	1	1	1	1	1	0	1	0	1	1	0	0	0	0	1	1	0	1	1	1	1	1	0	1	0	1	0	1	0	1	1	0	0	0	0	0	1	1	1	0	1	1	1	0	0	0	1	1	0	1	1	1	1	1	
PA72	2	1	1	0	1	1	0	1	0	1	1	1	0	1	1	0	0	0	0	0	0	1	0	1	1	1	1	0	0	1	0	1	1	1	1	0	1	1	0	0	1	1	0	1	0	0	0	1	1	1	1	1	0	1	0	1	1	1	0	0	0	1	0	0	1	1	1	1	1	0	1	1	1	0	1	0	0	1	0	0	0	0	1	1	1	1	1	1	1	1	0	0	0	1	1	0	1	1	1	1	1	
PA72	2	1	1	0	1	1	0	1	0	1	1	1	0	1	1	0	0	0	0	0	0	1	0	1	1	1	1	0	0	1	0	1	1	1	1	0	1	1	0	0	1	1	0	1	0	0	0	1	1	1	1	1	0	1	0	1	1	1	0	0	0	1	0	0	1	1	1	1	1	0	1	1	1	0	1	0	0	1	0	0	0	0	1	1	1	1	1	1	1	1	0	0	0	1	1	0	1	1	1	1	1	
PA73	2	1	0	0	1	0	0	1	0	0	1	1	0	1	1	0	0	1	0	0	1	1	0	1	1	1	1	0	0	1	0	1	1	1	0	0	1	1	1	1	1	1	1	0	0	0	1	1	1	1	0	1	0	1	0	1	1	1	1	0	0	1	0	1	1	1	1	1	0	0	1	0	1	0	1	1	0	1	0	0	0	0	0	1	1	1	0	1	1	1	0	0	0	1	1	0	1	1	0	1	1	
PA73	2	1	0	0	1	0	0	1	0	0	1	1	0	1	1	0	0	1	0	0	1	1	0	1	1	1	1	0	0	1	0	1	1	1	0	0	1	1	1	1	1	1	1	0	0	0	1	1	1	1	0	1	0	1	0	1	1	1	1	0	0	1	0	1	1	1	1	1	0	0	1	0	1	0	1	1	0	1	0	0	0	0	0	1	1	1	0	1	1	1	0	0	0	1	1	0	1	1	0	1	1	
PA74	2	1	1	0	1	0	0	1	0	1	1	1	0	1	1	1	0	0	0	0	0	1	0	0	0	1	1	0	0	1	0	1	1	1	1	0	1	0	0	0	1	1	0	1	0	0	1	1	1	1	0	1	0	1	1	0	1	0	1	0	0	1	0	0	1	0	1	1	1	0	1	0	0	0	1	1	1	1	0	0	0	0	0	1	1	1	1	1	0	1	0	0	0	1	1	0	1	1	1	1	1	
PA74	2	1	1	0	1	0	0	1	0	1	1	1	0	1	1	1	0	0	0	0	0	1	0	0	0	1	1	0	0	1	0	1	1	1	1	0	1	0	0	0	1	1	0	1	0	0	1	1	1	1	0	1	0	1	1	0	1	0	1	0	0	1	0	0	1	0	1	1	1	0	1	0	0	0	1	1	1	1	0	0	0	0	0	1	1	1	1	1	0	1	0	0	0	1	1	0	1	1	1	1	1	
PA75	2	1	1	0	1	0	0	1	0	0	1	1	1	1	1	1	1	0	0	0	0	1	0	1	1	1	1	1	0	1	1	1	1	1	1	0	1	1	0	0	1	1	0	1	0	0	0	1	1	1	0	1	0	1	0	1	1	0	1	0	0	1	1	0	1	1	1	1	1	0	1	0	0	0	1	0	1	1	0	0	1	0	0	1	1	1	1	1	1	1	0	0	0	1	1	0	1	0	1	1	1	
PA75	2	1	1	0	1	0	0	1	0	0	1	1	1	1	1	1	1	0	0	0	0	1	0	1	1	1	1	1	0	1	1	1	1	1	1	0	1	1	0	0	1	1	0	1	0	0	0	1	1	1	0	1	0	1	0	1	1	0	1	0	0	1	1	0	1	1	1	1	1	0	1	0	0	0	1	0	1	1	0	0	1	0	0	1	1	1	1	1	1	1	0	0	0	1	1	0	1	0	1	1	1	
PA76	2	1	1	0	1	0	0	1	0	0	1	1	0	1	0	0	0	0	0	0	1	1	0	1	1	1	1	0	0	1	1	1	1	1	1	0	1	1	0	0	1	1	0	1	0	1	0	1	1	1	0	1	0	1	0	0	1	1	1	0	1	1	0	1	1	1	1	1	1	0	1	0	1	0	1	0	0	1	0	1	0	0	1	1	1	1	0	1	0	1	0	0	0	1	1	0	1	1	1	0	1	
PA76	2	1	1	0	1	0	0	1	0	0	1	1	0	1	0	0	0	0	0	0	1	1	0	1	1	1	1	0	0	1	1	1	1	1	1	0	1	1	0	0	1	1	0	1	0	1	0	1	1	1	0	1	0	1	0	0	1	1	1	0	1	1	0	1	1	1	1	1	1	0	1	0	1	0	1	0	0	1	0	1	0	0	1	1	1	1	0	1	0	1	0	0	0	1	1	0	1	1	1	0	1	
PA77	2	1	1	1	1	0	0	1	0	0	1	1	0	1	1	0	0	0	0	0	0	1	1	1	1	1	1	0	0	1	0	1	1	1	1	0	1	1	0	0	1	1	1	0	0	0	0	1	1	1	1	0	0	1	0	0	1	1	0	0	0	1	1	0	1	1	1	1	1	0	1	0	0	1	1	0	1	1	0	0	0	0	0	0	0	1	1	1	0	1	0	0	0	1	1	0	1	1	1	1	1	
PA77	2	1	1	1	1	0	0	1	0	0	1	1	0	1	1	0	0	0	0	0	0	1	1	1	1	1	1	0	0	1	0	1	1	1	1	0	1	1	0	0	1	1	1	0	0	0	0	1	1	1	1	0	0	1	0	0	1	1	0	0	0	1	1	0	1	1	1	1	1	0	1	0	0	1	1	0	1	1	0	0	0	0	0	0	0	1	1	1	0	1	0	0	0	1	1	0	1	1	1	1	1	
PA78	2	1	1	1	1	0	1	1	0	0	1	1	0	1	1	0	0	0	0	1	1	1	0	0	1	1	1	0	0	1	0	1	1	1	1	0	1	1	0	1	1	1	0	1	0	0	1	1	1	1	0	1	0	1	0	0	1	0	1	0	0	1	0	1	1	1	1	1	1	0	1	1	0	0	1	1	1	1	0	0	0	0	0	1	1	1	1	1	1	1	0	0	0	1	1	0	1	0	1	1	1	
PA78	2	1	1	1	1	0	1	1	0	0	1	1	0	1	1	0	0	0	0	1	1	1	0	0	1	1	1	0	0	1	0	1	1	1	1	0	1	1	0	1	1	1	0	1	0	0	1	1	1	1	0	1	0	1	0	0	1	0	1	0	0	1	0	1	1	1	1	1	1	0	1	1	0	0	1	1	1	1	0	0	0	0	0	1	1	1	1	1	1	1	0	0	0	1	1	0	1	0	1	1	1	
PA79	2	1	1	0	1	0	0	1	0	0	1	1	0	0	1	1	0	0	0	1	1	1	0	0	1	1	1	0	0	1	0	1	1	1	1	0	1	1	1	1	1	1	0	1	0	1	1	1	1	1	0	1	0	1	1	1	1	0	0	0	1	1	0	1	1	1	1	1	1	0	1	0	1	0	1	0	0	1	0	0	0	0	0	1	1	1	1	1	0	1	0	1	0	1	1	0	1	1	1	1	1	
PA79	2	1	1	0	1	0	0	1	0	0	1	1	0	0	1	1	0	0	0	1	1	1	0	0	1	1	1	0	0	1	0	1	1	1	1	0	1	1	1	1	1	1	0	1	0	1	1	1	1	1	0	1	0	1	1	1	1	0	0	0	1	1	0	1	1	1	1	1	1	0	1	0	1	0	1	0	0	1	0	0	0	0	0	1	1	1	1	1	0	1	0	1	0	1	1	0	1	1	1	1	1	
PA80	2	0	1	0	1	0	1	1	0	1	1	1	0	1	1	0	0	1	0	0	1	1	1	1	1	1	1	1	0	0	0	1	1	1	1	0	1	1	0	1	1	1	1	1	0	0	1	1	0	1	0	0	0	1	0	0	1	0	1	0	0	1	1	1	1	1	1	1	1	0	1	1	0	0	1	1	1	1	0	0	0	0	0	1	1	1	1	1	1	1	0	0	0	1	1	0	1	1	1	1	1	
PA80	2	0	1	0	1	0	1	1	0	1	1	1	0	1	1	0	0	1	0	0	1	1	1	1	1	1	1	1	0	0	0	1	1	1	1	0	1	1	0	1	1	1	1	1	0	0	1	1	0	1	0	0	0	1	0	0	1	0	1	0	0	1	1	1	1	1	1	1	1	0	1	1	0	0	1	1	1	1	0	0	0	0	0	1	1	1	1	1	1	1	0	0	0	1	1	0	1	1	1	1	1	
PA81	2	1	1	0	1	0	0	1	0	0	1	1	0	1	1	0	0	0	0	0	0	1	0	1	1	1	1	1	0	1	0	1	1	1	1	0	1	1	0	0	1	1	0	1	0	0	0	1	1	1	0	1	0	1	1	1	1	0	0	0	0	1	0	0	1	1	1	1	1	0	1	0	0	0	1	0	0	1	0	0	0	0	0	1	1	1	0	1	0	1	0	0	0	1	1	0	1	1	1	1	1	
PA81	2	1	1	0	1	0	0	1	0	0	1	1	0	1	1	0	0	0	0	0	0	1	0	1	1	1	1	1	0	1	0	1	1	1	1	0	1	1	0	0	1	1	0	1	0	0	0	1	1	1	0	1	0	1	1	1	1	0	0	0	0	1	0	0	1	1	1	1	1	0	1	0	0	0	1	0	0	1	0	0	0	0	0	1	1	1	0	1	0	1	0	0	0	1	1	0	1	1	1	1	1	
PA82	2	1	1	0	1	0	0	1	0	0	1	1	0	1	1	1	0	0	0	0	1	1	0	1	1	1	1	1	0	1	1	1	1	1	1	0	1	1	0	0	1	1	1	1	0	0	0	1	0	1	0	1	0	1	0	1	1	1	0	0	0	1	0	1	1	1	1	1	1	0	1	1	0	0	1	1	1	1	0	0	0	0	1	1	1	1	1	1	1	1	0	0	0	1	1	0	1	1	1	1	1	
PA82	2	1	1	0	1	0	0	1	0	0	1	1	0	1	1	1	0	0	0	0	1	1	0	1	1	1	1	1	0	1	1	1	1	1	1	0	1	1	0	0	1	1	1	1	0	0	0	1	0	1	0	1	0	1	0	1	1	1	0	0	0	1	0	1	1	1	1	1	1	0	1	1	0	0	1	1	1	1	0	0	0	0	1	1	1	1	1	1	1	1	0	0	0	1	1	0	1	1	1	1	1	
PA83	2	1	0	0	1	0	0	1	0	0	1	1	0	1	1	0	0	0	0	0	0	1	0	1	1	1	1	1	0	1	0	1	1	1	1	0	1	1	0	0	1	1	0	0	0	1	1	1	1	1	0	1	0	1	1	1	1	0	0	0	0	1	0	0	1	1	0	1	0	0	1	0	0	0	1	1	1	1	0	0	0	0	0	1	1	1	0	1	1	1	0	0	0	1	1	0	1	1	1	1	1	
PA83	2	1	0	0	1	0	0	1	0	0	1	1	0	1	1	0	0	0	0	0	0	1	0	1	1	1	1	1	0	1	0	1	1	1	1	0	1	1	0	0	1	1	0	0	0	1	1	1	1	1	0	1	0	1	1	1	1	0	0	0	0	1	0	0	1	1	0	1	0	0	1	0	0	0	1	1	1	1	0	0	0	0	0	1	1	1	0	1	1	1	0	0	0	1	1	0	1	1	1	1	1	
PA84	2	1	0	1	1	0	0	1	0	1	1	1	0	1	1	0	0	0	0	0	0	1	0	0	1	1	1	0	0	1	1	1	1	1	1	0	1	1	0	0	1	1	0	0	0	1	0	1	1	1	1	1	0	0	0	0	1	0	0	0	1	1	0	0	1	1	0	1	1	0	1	0	1	0	1	1	0	1	0	0	0	0	0	1	1	1	0	1	1	1	0	0	0	1	1	0	1	1	1	1	1	
PA84	2	1	0	1	1	0	0	1	0	1	1	1	0	1	1	0	0	0	0	0	0	1	0	0	1	1	1	0	0	1	1	1	1	1	1	0	1	1	0	0	1	1	0	0	0	1	0	1	1	1	1	1	0	0	0	0	1	0	0	0	1	1	0	0	1	1	0	1	1	0	1	0	1	0	1	1	0	1	0	0	0	0	0	1	1	1	0	1	1	1	0	0	0	1	1	0	1	1	1	1	1	
PA85	2	1	0	0	1	0	0	1	0	0	1	1	0	0	1	0	0	0	0	0	1	1	0	1	1	1	1	1	0	1	1	1	1	1	1	0	1	1	0	0	1	1	1	1	0	1	1	1	1	1	1	1	0	1	0	1	1	1	0	0	0	1	0	0	1	0	1	1	1	0	1	0	1	0	1	1	0	1	0	0	1	0	0	1	1	1	1	1	1	1	0	1	0	1	1	0	1	1	1	1	1	
PA85	2	1	0	0	1	0	0	1	0	0	1	1	0	0	1	0	0	0	0	0	1	1	0	1	1	1	1	1	0	1	1	1	1	1	1	0	1	1	0	0	1	1	1	1	0	1	1	1	1	1	1	1	0	1	0	1	1	1	0	0	0	1	0	0	1	0	1	1	1	0	1	0	1	0	1	1	0	1	0	0	1	0	0	1	1	1	1	1	1	1	0	1	0	1	1	0	1	1	1	1	1	
PA86	2	1	1	0	1	0	0	1	0	0	1	1	0	1	1	0	0	0	0	0	0	1	0	1	1	1	1	0	0	1	0	1	0	1	0	0	1	1	0	0	1	1	1	0	0	1	1	1	1	1	0	1	0	1	1	1	1	1	0	0	1	1	0	0	1	1	1	1	1	0	1	1	1	0	1	1	1	1	0	0	0	0	0	1	1	1	1	1	1	1	0	0	0	1	1	0	1	1	1	0	1	
PA86	2	1	1	0	1	0	0	1	0	0	1	1	0	1	1	0	0	0	0	0	0	1	0	1	1	1	1	0	0	1	0	1	0	1	0	0	1	1	0	0	1	1	1	0	0	1	1	1	1	1	0	1	0	1	1	1	1	1	0	0	1	1	0	0	1	1	1	1	1	0	1	1	1	0	1	1	1	1	0	0	0	0	0	1	1	1	1	1	1	1	0	0	0	1	1	0	1	1	1	0	1	
PA87	2	1	0	0	1	0	0	1	0	0	1	1	0	0	1	0	0	0	0	0	1	1	0	0	1	1	1	0	0	0	1	1	1	1	1	0	0	1	0	0	1	1	1	1	0	0	0	1	1	1	0	1	0	1	0	1	1	0	1	0	0	1	1	0	1	1	1	1	0	0	1	1	1	0	1	0	1	1	0	0	0	0	0	1	1	1	1	1	1	1	0	0	0	1	1	0	1	1	1	1	1	
PA87	2	1	0	0	1	0	0	1	0	0	1	1	0	0	1	0	0	0	0	0	1	1	0	0	1	1	1	0	0	0	1	1	1	1	1	0	0	1	0	0	1	1	1	1	0	0	0	1	1	1	0	1	0	1	0	1	1	0	1	0	0	1	1	0	1	1	1	1	0	0	1	1	1	0	1	0	1	1	0	0	0	0	0	1	1	1	1	1	1	1	0	0	0	1	1	0	1	1	1	1	1	
PA88	2	1	0	0	1	1	0	1	0	0	1	1	0	1	1	0	1	0	0	0	1	1	0	1	0	1	1	1	0	1	0	1	1	1	1	0	1	1	0	0	1	1	1	1	0	0	1	1	1	1	1	0	0	1	0	1	1	0	1	0	0	1	0	1	1	1	1	1	1	0	1	0	0	0	1	0	1	1	0	0	1	0	1	1	1	1	1	1	1	1	0	1	0	1	1	0	1	1	1	1	0	
PA88	2	1	0	0	1	1	0	1	0	0	1	1	0	1	1	0	1	0	0	0	1	1	0	1	0	1	1	1	0	1	0	1	1	1	1	0	1	1	0	0	1	1	1	1	0	0	1	1	1	1	1	0	0	1	0	1	1	0	1	0	0	1	0	1	1	1	1	1	1	0	1	0	0	0	1	0	1	1	0	0	1	0	1	1	1	1	1	1	1	1	0	1	0	1	1	0	1	1	1	1	0	
PA89	2	1	1	0	1	0	0	1	0	1	1	1	1	1	0	0	0	0	0	0	1	1	0	1	1	1	1	0	0	1	1	1	1	1	1	0	1	1	0	1	1	1	1	1	0	1	0	1	0	1	1	1	0	1	1	0	1	0	1	0	1	1	0	1	1	1	0	1	1	0	1	0	1	0	1	0	0	1	0	0	0	0	1	1	1	1	0	1	1	1	0	1	0	1	1	0	1	1	1	1	1	
PA89	2	1	1	0	1	0	0	1	0	1	1	1	1	1	0	0	0	0	0	0	1	1	0	1	1	1	1	0	0	1	1	1	1	1	1	0	1	1	0	1	1	1	1	1	0	1	0	1	0	1	1	1	0	1	1	0	1	0	1	0	1	1	0	1	1	1	0	1	1	0	1	0	1	0	1	0	0	1	0	0	0	0	1	1	1	1	0	1	1	1	0	1	0	1	1	0	1	1	1	1	1	
PA90	2	1	0	0	1	0	0	1	0	0	1	1	0	1	1	0	0	0	0	0	0	1	0	1	0	1	1	0	0	1	0	1	1	1	1	0	1	1	0	0	1	1	1	1	0	1	0	1	1	1	0	1	0	1	1	1	1	1	1	0	0	1	1	1	1	1	1	1	1	0	1	0	0	0	1	1	0	1	0	0	0	0	1	1	1	1	0	1	0	1	0	1	0	1	1	0	1	1	1	1	1	
PA90	2	1	0	0	1	0	0	1	0	0	1	1	0	1	1	0	0	0	0	0	0	1	0	1	0	1	1	0	0	1	0	1	1	1	1	0	1	1	0	0	1	1	1	1	0	1	0	1	1	1	0	1	0	1	1	1	1	1	1	0	0	1	1	1	1	1	1	1	1	0	1	0	0	0	1	1	0	1	0	0	0	0	1	1	1	1	0	1	0	1	0	1	0	1	1	0	1	1	1	1	1	
PA91	2	1	0	0	1	1	0	1	0	1	1	1	0	1	1	0	0	0	0	0	0	1	0	0	1	1	1	1	0	1	0	1	1	1	0	0	1	1	0	0	1	1	1	0	0	0	0	1	1	1	0	1	0	1	1	1	1	1	1	0	0	1	1	1	1	1	1	1	0	0	1	0	1	0	1	0	1	1	0	0	0	0	0	1	1	1	1	1	1	1	0	0	0	1	1	0	1	1	1	1	1	
PA91	2	1	0	0	1	1	0	1	0	1	1	1	0	1	1	0	0	0	0	0	0	1	0	0	1	1	1	1	0	1	0	1	1	1	0	0	1	1	0	0	1	1	1	0	0	0	0	1	1	1	0	1	0	1	1	1	1	1	1	0	0	1	1	1	1	1	1	1	0	0	1	0	1	0	1	0	1	1	0	0	0	0	0	1	1	1	1	1	1	1	0	0	0	1	1	0	1	1	1	1	1	
PA92	2	1	1	1	1	0	0	1	0	1	1	1	0	0	1	0	0	0	0	0	0	1	1	1	1	1	1	0	0	1	0	1	1	1	0	0	1	1	0	0	1	1	0	1	0	0	1	1	1	1	0	1	0	0	0	1	1	0	1	0	0	1	0	0	1	1	0	1	1	0	1	1	1	0	1	1	1	1	0	0	0	0	0	1	1	1	0	1	1	1	0	0	0	1	1	0	1	1	0	1	1	
PA92	2	1	1	1	1	0	0	1	0	1	1	1	0	0	1	0	0	0	0	0	0	1	1	1	1	1	1	0	0	1	0	1	1	1	0	0	1	1	0	0	1	1	0	1	0	0	1	1	1	1	0	1	0	0	0	1	1	0	1	0	0	1	0	0	1	1	0	1	1	0	1	1	1	0	1	1	1	1	0	0	0	0	0	1	1	1	0	1	1	1	0	0	0	1	1	0	1	1	0	1	1	
PA93	2	1	1	0	1	1	0	1	0	0	1	1	0	1	1	0	0	0	0	0	0	1	0	1	1	1	1	0	0	1	0	1	1	1	1	0	1	1	1	0	1	1	1	1	0	0	0	1	1	1	0	0	0	1	0	1	1	0	1	0	0	1	0	0	1	1	1	1	1	0	1	1	1	0	1	1	0	1	0	0	0	0	1	1	1	1	1	1	1	1	0	0	0	1	1	0	1	1	1	1	1	
PA93	2	1	1	0	1	1	0	1	0	0	1	1	0	1	1	0	0	0	0	0	0	1	0	1	1	1	1	0	0	1	0	1	1	1	1	0	1	1	1	0	1	1	1	1	0	0	0	1	1	1	0	0	0	1	0	1	1	0	1	0	0	1	0	0	1	1	1	1	1	0	1	1	1	0	1	1	0	1	0	0	0	0	1	1	1	1	1	1	1	1	0	0	0	1	1	0	1	1	1	1	1	
PA94	2	1	1	0	1	0	0	1	0	0	1	1	0	1	1	0	0	0	0	0	1	1	0	1	1	1	1	1	0	1	0	0	1	1	1	0	1	1	0	0	1	1	0	1	0	0	0	1	1	1	1	1	0	0	1	1	1	0	1	0	1	1	0	1	1	0	1	1	1	0	1	1	1	0	1	1	1	1	0	0	0	0	0	1	1	1	1	1	1	1	0	0	0	1	1	0	1	1	1	0	1	
PA94	2	1	1	0	1	0	0	1	0	0	1	1	0	1	1	0	0	0	0	0	1	1	0	1	1	1	1	1	0	1	0	0	1	1	1	0	1	1	0	0	1	1	0	1	0	0	0	1	1	1	1	1	0	0	1	1	1	0	1	0	1	1	0	1	1	0	1	1	1	0	1	1	1	0	1	1	1	1	0	0	0	0	0	1	1	1	1	1	1	1	0	0	0	1	1	0	1	1	1	0	1	
PA95	2	1	1	1	1	0	0	1	0	1	1	1	0	0	1	0	1	0	0	0	1	1	1	1	1	1	1	0	0	1	0	1	1	1	1	0	1	1	1	1	1	1	0	1	0	0	0	1	1	1	0	1	0	0	0	1	1	1	0	0	1	1	0	1	1	1	1	1	1	0	1	0	1	0	1	0	1	1	0	0	0	0	1	1	1	1	1	1	1	1	0	0	0	1	1	0	1	1	1	1	1	
PA95	2	1	1	1	1	0	0	1	0	1	1	1	0	0	1	0	1	0	0	0	1	1	1	1	1	1	1	0	0	1	0	1	1	1	1	0	1	1	1	1	1	1	0	1	0	0	0	1	1	1	0	1	0	0	0	1	1	1	0	0	1	1	0	1	1	1	1	1	1	0	1	0	1	0	1	0	1	1	0	0	0	0	1	1	1	1	1	1	1	1	0	0	0	1	1	0	1	1	1	1	1	
PA96	2	1	1	0	1	0	0	1	0	0	1	1	0	0	1	0	0	0	0	0	1	1	1	1	1	1	1	0	0	1	1	1	1	1	1	0	1	1	0	0	1	1	0	1	0	0	0	1	1	1	0	1	0	1	0	1	1	0	1	0	1	1	0	1	1	0	1	1	1	0	1	0	1	0	1	1	0	1	0	0	0	0	0	1	1	1	1	1	1	1	0	0	0	1	1	0	1	1	1	1	1	
PA96	2	1	1	0	1	0	0	1	0	0	1	1	0	0	1	0	0	0	0	0	1	1	1	1	1	1	1	0	0	1	1	1	1	1	1	0	1	1	0	0	1	1	0	1	0	0	0	1	1	1	0	1	0	1	0	1	1	0	1	0	1	1	0	1	1	0	1	1	1	0	1	0	1	0	1	1	0	1	0	0	0	0	0	1	1	1	1	1	1	1	0	0	0	1	1	0	1	1	1	1	1	
PA97	2	1	0	0	1	0	0	1	0	1	1	1	0	1	1	0	0	0	0	1	0	1	0	1	1	1	1	1	0	1	0	1	0	1	1	0	1	1	0	0	1	1	1	1	0	1	0	1	1	1	1	1	0	1	0	1	1	1	1	0	0	1	0	1	1	0	1	1	0	0	1	0	0	0	1	1	0	1	0	1	0	0	0	1	1	1	0	1	1	1	0	0	0	1	1	0	1	1	1	1	1	
PA97	2	1	0	0	1	0	0	1	0	1	1	1	0	1	1	0	0	0	0	1	0	1	0	1	1	1	1	1	0	1	0	1	0	1	1	0	1	1	0	0	1	1	1	1	0	1	0	1	1	1	1	1	0	1	0	1	1	1	1	0	0	1	0	1	1	0	1	1	0	0	1	0	0	0	1	1	0	1	0	1	0	0	0	1	1	1	0	1	1	1	0	0	0	1	1	0	1	1	1	1	1	
PA98	2	1	0	0	1	0	0	1	0	0	1	1	0	1	1	0	0	0	0	0	1	1	0	1	1	1	1	0	0	0	1	0	1	1	1	0	1	1	0	0	1	1	1	1	0	0	0	1	1	1	0	0	0	1	0	1	1	1	0	0	0	1	0	1	1	1	0	1	0	0	1	1	0	1	1	0	1	1	0	0	0	0	0	1	1	1	0	1	0	1	0	0	0	1	1	0	1	1	0	1	1	
PA98	2	1	0	0	1	0	0	1	0	0	1	1	0	1	1	0	0	0	0	0	1	1	0	1	1	1	1	0	0	0	1	0	1	1	1	0	1	1	0	0	1	1	1	1	0	0	0	1	1	1	0	0	0	1	0	1	1	1	0	0	0	1	0	1	1	1	0	1	0	0	1	1	0	1	1	0	1	1	0	0	0	0	0	1	1	1	0	1	0	1	0	0	0	1	1	0	1	1	0	1	1	
PA99	2	1	1	0	1	0	0	1	0	1	1	1	0	0	1	0	0	0	0	0	1	1	0	1	1	1	1	1	0	1	0	0	1	0	0	0	1	1	0	1	1	1	1	1	0	1	1	1	1	1	0	1	0	1	0	1	1	1	1	0	0	1	0	0	1	1	0	1	0	0	1	1	0	0	1	1	0	1	0	0	1	0	0	1	1	1	0	1	1	1	0	0	0	1	1	0	1	1	1	1	1	
PA99	2	1	1	0	1	0	0	1	0	1	1	1	0	0	1	0	0	0	0	0	1	1	0	1	1	1	1	1	0	1	0	0	1	0	0	0	1	1	0	1	1	1	1	1	0	1	1	1	1	1	0	1	0	1	0	1	1	1	1	0	0	1	0	0	1	1	0	1	0	0	1	1	0	0	1	1	0	1	0	0	1	0	0	1	1	1	0	1	1	1	0	0	0	1	1	0	1	1	1	1	1	
PA100	2	1	1	0	1	1	0	1	0	0	1	1	0	1	1	0	0	0	0	0	1	1	0	1	1	1	1	0	0	1	0	0	1	0	1	0	1	0	1	0	1	0	1	1	0	0	1	1	1	1	0	1	0	0	0	1	1	0	1	0	1	1	0	0	1	0	0	1	1	0	1	1	1	0	1	0	1	1	0	0	0	0	0	1	1	1	1	1	1	1	0	0	0	1	1	0	1	1	0	1	1	
PA100	2	1	1	0	1	1	0	1	0	0	1	1	0	1	1	0	0	0	0	0	1	1	0	1	1	1	1	0	0	1	0	0	1	0	1	0	1	0	1	0	1	0	1	1	0	0	1	1	1	1	0	1	0	0	0	1	1	0	1	0	1	1	0	0	1	0	0	1	1	0	1	1	1	0	1	0	1	1	0	0	0	0	0	1	1	1	1	1	1	1	0	0	0	1	1	0	1	1	0	1	1	
PB1	3	1	0	1	1	1	0	0	0	1	1	1	0	1	1	1	1	0	1	1	1	1	1	1	1	1	1	1	0	0	0	1	0	0	1	1	1	1	0	1	1	1	1	1	1	0	1	1	0	1	1	1	1	0	0	1	1	0	1	0	1	0	1	0	1	0	1	0	0	1	1	1	0	1	1	1	1	1	0	1	1	1	1	1	0	0	1	1	1	1	0	1	0	1	1	1	1	0	1	1	1	
PB1	3	1	0	1	1	1	0	0	0	1	1	1	0	1	1	1	1	0	1	1	1	1	1	1	1	1	1	1	0	0	0	1	0	0	1	1	1	1	0	1	1	1	1	1	1	0	1	1	0	1	1	1	1	0	0	1	1	0	1	0	1	0	1	0	1	0	1	0	0	1	1	1	0	1	1	1	1	1	0	1	1	1	1	1	0	0	1	1	1	1	0	1	0	1	1	1	1	0	1	1	1	
PB2	3	1	0	1	0	0	0	1	0	1	0	1	0	1	1	0	0	0	1	1	1	1	1	1	1	1	1	1	0	0	0	1	0	0	1	1	1	1	1	1	1	1	0	1	1	1	0	1	0	1	1	1	1	1	1	0	1	0	1	0	1	0	1	0	1	0	1	0	0	1	0	1	0	1	1	1	0	1	0	0	1	1	0	1	1	1	1	1	1	1	1	1	0	1	1	1	0	0	0	1	1	
PB2	3	1	0	1	0	0	0	1	0	1	0	1	0	1	1	0	0	0	1	1	1	1	1	1	1	1	1	1	0	0	0	1	0	0	1	1	1	1	1	1	1	1	0	1	1	1	0	1	0	1	1	1	1	1	1	0	1	0	1	0	1	0	1	0	1	0	1	0	0	1	0	1	0	1	1	1	0	1	0	0	1	1	0	1	1	1	1	1	1	1	1	1	0	1	1	1	0	0	0	1	1	
PB3	3	1	1	1	0	0	0	0	0	1	1	1	0	1	1	0	0	0	0	1	1	1	1	1	1	1	1	1	0	0	0	1	0	0	1	1	1	1	1	1	1	1	0	1	1	1	1	1	0	1	0	1	1	1	0	1	0	0	1	0	0	1	1	1	1	0	1	0	0	1	0	0	0	1	1	1	0	1	1	0	1	1	1	1	1	0	1	1	1	1	1	1	0	1	1	1	0	0	1	1	1	
PB3	3	1	1	1	0	0	0	0	0	1	1	1	0	1	1	0	0	0	0	1	1	1	1	1	1	1	1	1	0	0	0	1	0	0	1	1	1	1	1	1	1	1	0	1	1	1	1	1	0	1	0	1	1	1	0	1	0	0	1	0	0	1	1	1	1	0	1	0	0	1	0	0	0	1	1	1	0	1	1	0	1	1	1	1	1	0	1	1	1	1	1	1	0	1	1	1	0	0	1	1	1	
PB4	3	1	0	1	0	1	0	0	0	1	0	1	0	1	1	0	1	1	0	1	1	1	1	1	1	1	1	1	0	0	0	1	0	0	1	1	1	1	1	1	1	1	1	1	1	1	0	1	0	1	1	1	1	0	1	0	1	0	0	0	0	1	1	0	1	0	1	0	0	1	0	0	0	1	1	1	0	0	0	0	1	1	1	1	0	1	1	1	1	1	1	1	0	1	1	1	1	0	0	1	1	
PB4	3	1	0	1	0	1	0	0	0	1	0	1	0	1	1	0	1	1	0	1	1	1	1	1	1	1	1	1	0	0	0	1	0	0	1	1	1	1	1	1	1	1	1	1	1	1	0	1	0	1	1	1	1	0	1	0	1	0	0	0	0	1	1	0	1	0	1	0	0	1	0	0	0	1	1	1	0	0	0	0	1	1	1	1	0	1	1	1	1	1	1	1	0	1	1	1	1	0	0	1	1	
PB5	3	1	1	1	0	0	0	0	0	1	1	1	0	0	1	1	1	0	1	1	1	1	1	1	1	1	1	1	0	1	0	1	0	0	1	1	1	0	1	1	1	1	1	1	1	1	1	1	0	1	1	1	1	1	1	0	1	0	0	0	1	0	1	1	0	1	1	0	0	1	0	0	0	1	1	0	1	1	0	0	1	1	1	1	0	1	1	1	1	1	0	1	0	1	0	1	1	0	0	1	1	
PB5	3	1	1	1	0	0	0	0	0	1	1	1	0	0	1	1	1	0	1	1	1	1	1	1	1	1	1	1	0	1	0	1	0	0	1	1	1	0	1	1	1	1	1	1	1	1	1	1	0	1	1	1	1	1	1	0	1	0	0	0	1	0	1	1	0	1	1	0	0	1	0	0	0	1	1	0	1	1	0	0	1	1	1	1	0	1	1	1	1	1	0	1	0	1	0	1	1	0	0	1	1	
PB6	3	1	0	1	0	1	0	0	0	1	1	1	0	1	1	0	1	1	0	1	1	1	1	0	1	1	1	1	1	1	0	1	0	0	1	1	1	0	0	1	1	1	1	1	1	1	0	1	0	1	1	1	1	1	0	0	1	0	1	0	1	1	1	1	1	0	1	0	0	1	1	0	0	1	1	1	0	1	0	1	1	1	0	1	0	0	1	1	1	1	0	1	0	1	1	1	1	0	0	1	1	
PB6	3	1	0	1	0	1	0	0	0	1	1	1	0	1	1	0	1	1	0	1	1	1	1	0	1	1	1	1	1	1	0	1	0	0	1	1	1	0	0	1	1	1	1	1	1	1	0	1	0	1	1	1	1	1	0	0	1	0	1	0	1	1	1	1	1	0	1	0	0	1	1	0	0	1	1	1	0	1	0	1	1	1	0	1	0	0	1	1	1	1	0	1	0	1	1	1	1	0	0	1	1	
PB7	3	1	0	1	0	1	0	0	0	1	1	1	0	1	1	1	1	0	0	1	1	1	1	1	1	1	1	1	0	1	0	1	0	0	1	1	1	1	1	1	1	1	1	1	1	1	0	1	0	1	1	1	1	1	0	1	1	0	0	0	0	1	1	1	1	0	1	0	0	1	1	1	0	1	1	1	0	1	0	1	1	1	1	1	0	0	1	1	0	1	1	1	0	1	0	1	1	0	1	1	1	
PB7	3	1	0	1	0	1	0	0	0	1	1	1	0	1	1	1	1	0	0	1	1	1	1	1	1	1	1	1	0	1	0	1	0	0	1	1	1	1	1	1	1	1	1	1	1	1	0	1	0	1	1	1	1	1	0	1	1	0	0	0	0	1	1	1	1	0	1	0	0	1	1	1	0	1	1	1	0	1	0	1	1	1	1	1	0	0	1	1	0	1	1	1	0	1	0	1	1	0	1	1	1	
PB8	3	1	0	1	0	1	0	0	0	1	0	1	0	0	1	1	1	0	0	1	1	1	1	0	1	1	1	1	0	0	0	1	0	1	1	1	1	0	0	1	1	1	1	1	1	1	1	1	0	1	1	1	1	0	0	0	0	0	0	0	0	0	0	1	1	0	1	0	0	1	0	0	0	1	1	1	0	0	0	1	1	1	1	1	0	1	0	1	1	1	1	1	1	1	1	1	1	1	1	1	1	
PB8	3	1	0	1	0	1	0	0	0	1	0	1	0	0	1	1	1	0	0	1	1	1	1	0	1	1	1	1	0	0	0	1	0	1	1	1	1	0	0	1	1	1	1	1	1	1	1	1	0	1	1	1	1	0	0	0	0	0	0	0	0	0	0	1	1	0	1	0	0	1	0	0	0	1	1	1	0	0	0	1	1	1	1	1	0	1	0	1	1	1	1	1	1	1	1	1	1	1	1	1	1	
PB9	3	1	1	1	0	0	0	0	1	1	0	1	0	0	1	1	0	1	0	1	1	1	1	1	1	1	1	1	0	1	0	1	0	0	1	1	1	1	1	1	1	1	0	1	1	1	1	1	0	1	1	1	1	0	1	0	1	0	1	0	0	0	1	1	0	0	1	0	0	1	1	0	0	0	1	0	1	1	0	1	1	1	1	1	0	0	1	1	1	1	1	0	0	0	1	1	1	0	1	1	1	
PB9	3	1	1	1	0	0	0	0	1	1	0	1	0	0	1	1	0	1	0	1	1	1	1	1	1	1	1	1	0	1	0	1	0	0	1	1	1	1	1	1	1	1	0	1	1	1	1	1	0	1	1	1	1	0	1	0	1	0	1	0	0	0	1	1	0	0	1	0	0	1	1	0	0	0	1	0	1	1	0	1	1	1	1	1	0	0	1	1	1	1	1	0	0	0	1	1	1	0	1	1	1	
PB10	3	1	0	1	0	1	0	0	0	1	1	1	0	0	1	1	0	0	0	1	1	1	1	0	1	1	1	1	0	0	0	1	0	0	1	1	1	1	1	1	1	1	1	1	1	1	1	1	0	1	1	1	1	0	1	0	1	0	1	0	0	0	1	1	1	0	1	1	0	1	0	1	0	1	1	0	0	1	0	1	1	1	1	1	0	0	0	1	0	1	1	1	1	1	1	1	1	0	1	1	1	
PB10	3	1	0	1	0	1	0	0	0	1	1	1	0	0	1	1	0	0	0	1	1	1	1	0	1	1	1	1	0	0	0	1	0	0	1	1	1	1	1	1	1	1	1	1	1	1	1	1	0	1	1	1	1	0	1	0	1	0	1	0	0	0	1	1	1	0	1	1	0	1	0	1	0	1	1	0	0	1	0	1	1	1	1	1	0	0	0	1	0	1	1	1	1	1	1	1	1	0	1	1	1	
PB11	3	1	0	1	0	0	0	1	0	1	1	1	0	0	1	1	1	1	0	1	1	1	1	0	1	1	1	1	0	1	0	1	0	0	1	1	1	1	0	1	1	1	0	1	1	1	1	1	0	1	1	1	1	0	0	0	1	0	1	0	0	1	1	0	1	0	1	0	1	1	0	0	0	1	1	0	1	0	0	1	1	1	0	1	0	0	0	1	1	1	1	1	0	1	1	1	1	0	0	1	1	
PB11	3	1	0	1	0	0	0	1	0	1	1	1	0	0	1	1	1	1	0	1	1	1	1	0	1	1	1	1	0	1	0	1	0	0	1	1	1	1	0	1	1	1	0	1	1	1	1	1	0	1	1	1	1	0	0	0	1	0	1	0	0	1	1	0	1	0	1	0	1	1	0	0	0	1	1	0	1	0	0	1	1	1	0	1	0	0	0	1	1	1	1	1	0	1	1	1	1	0	0	1	1	
PB12	3	1	1	1	0	0	0	0	0	1	0	1	0	0	1	1	1	1	0	1	1	1	1	1	1	1	1	1	0	0	0	1	0	0	1	1	1	1	0	1	1	1	1	1	1	1	0	1	0	1	1	1	1	0	0	0	0	0	0	0	0	1	1	1	1	0	1	0	0	1	0	0	0	1	1	1	0	1	0	1	1	1	1	1	0	1	1	1	0	1	1	1	0	1	0	1	1	0	1	1	1	
PB12	3	1	1	1	0	0	0	0	0	1	0	1	0	0	1	1	1	1	0	1	1	1	1	1	1	1	1	1	0	0	0	1	0	0	1	1	1	1	0	1	1	1	1	1	1	1	0	1	0	1	1	1	1	0	0	0	0	0	0	0	0	1	1	1	1	0	1	0	0	1	0	0	0	1	1	1	0	1	0	1	1	1	1	1	0	1	1	1	0	1	1	1	0	1	0	1	1	0	1	1	1	
PB13	3	1	1	1	0	1	0	0	0	1	1	1	0	0	1	0	1	0	0	1	1	1	1	1	1	1	0	1	0	0	0	1	0	1	1	1	1	1	0	1	1	1	0	1	1	1	0	1	0	1	1	1	1	1	0	0	1	0	1	1	0	0	1	0	1	0	1	0	0	1	0	1	0	1	1	1	1	1	0	1	1	1	0	1	0	1	0	1	1	1	1	1	1	1	0	1	1	0	1	1	1	
PB13	3	1	1	1	0	1	0	0	0	1	1	1	0	0	1	0	1	0	0	1	1	1	1	1	1	1	0	1	0	0	0	1	0	1	1	1	1	1	0	1	1	1	0	1	1	1	0	1	0	1	1	1	1	1	0	0	1	0	1	1	0	0	1	0	1	0	1	0	0	1	0	1	0	1	1	1	1	1	0	1	1	1	0	1	0	1	0	1	1	1	1	1	1	1	0	1	1	0	1	1	1	
PB14	3	1	0	1	0	1	0	0	0	1	0	1	0	1	1	1	1	0	0	1	1	1	1	0	0	0	1	1	0	0	0	1	0	0	1	1	1	1	1	1	1	1	1	1	1	1	0	1	0	1	1	1	1	0	0	0	0	0	1	0	0	0	1	0	1	0	1	0	0	1	0	0	0	1	1	1	1	1	1	0	1	1	1	1	0	1	0	1	0	1	1	1	0	1	0	1	0	0	0	1	1	
PB14	3	1	0	1	0	1	0	0	0	1	0	1	0	1	1	1	1	0	0	1	1	1	1	0	0	0	1	1	0	0	0	1	0	0	1	1	1	1	1	1	1	1	1	1	1	1	0	1	0	1	1	1	1	0	0	0	0	0	1	0	0	0	1	0	1	0	1	0	0	1	0	0	0	1	1	1	1	1	1	0	1	1	1	1	0	1	0	1	0	1	1	1	0	1	0	1	0	0	0	1	1	
PB15	3	1	0	1	1	1	0	0	0	1	1	1	0	0	1	0	1	1	0	1	1	1	1	1	1	0	1	1	0	0	0	1	0	0	1	1	1	1	1	1	1	1	1	1	1	0	0	1	0	1	1	1	1	0	0	0	0	0	1	0	0	0	1	0	1	0	1	0	0	1	0	1	0	1	1	1	1	1	1	0	1	1	1	1	0	1	1	1	1	1	0	1	0	1	0	0	1	0	0	1	1	
PB15	3	1	0	1	1	1	0	0	0	1	1	1	0	0	1	0	1	1	0	1	1	1	1	1	1	0	1	1	0	0	0	1	0	0	1	1	1	1	1	1	1	1	1	1	1	0	0	1	0	1	1	1	1	0	0	0	0	0	1	0	0	0	1	0	1	0	1	0	0	1	0	1	0	1	1	1	1	1	1	0	1	1	1	1	0	1	1	1	1	1	0	1	0	1	0	0	1	0	0	1	1	
PB16	3	1	0	1	0	1	0	1	0	1	1	1	0	1	1	0	1	0	0	1	1	1	1	1	0	1	1	1	1	1	0	1	0	0	1	1	1	1	0	1	1	1	1	1	1	1	0	1	0	1	0	1	1	1	0	0	1	0	0	0	0	0	1	0	1	1	1	0	0	1	0	0	0	1	1	0	1	0	0	0	1	1	0	1	0	0	1	1	1	1	1	1	0	1	1	1	1	0	1	1	1	
PB16	3	1	0	1	0	1	0	1	0	1	1	1	0	1	1	0	1	0	0	1	1	1	1	1	0	1	1	1	1	1	0	1	0	0	1	1	1	1	0	1	1	1	1	1	1	1	0	1	0	1	0	1	1	1	0	0	1	0	0	0	0	0	1	0	1	1	1	0	0	1	0	0	0	1	1	0	1	0	0	0	1	1	0	1	0	0	1	1	1	1	1	1	0	1	1	1	1	0	1	1	1	
PB17	3	1	0	1	0	1	0	0	0	1	1	1	0	0	1	1	1	0	0	1	1	1	1	1	1	1	1	1	1	0	0	1	0	1	1	1	1	0	1	1	1	1	0	1	1	1	1	1	0	1	0	1	1	1	1	0	1	1	0	0	1	1	1	1	1	0	1	0	1	1	0	0	0	1	1	1	0	1	0	0	1	1	1	1	0	1	1	1	1	1	0	1	0	1	1	1	1	0	0	1	1	
PB17	3	1	0	1	0	1	0	0	0	1	1	1	0	0	1	1	1	0	0	1	1	1	1	1	1	1	1	1	1	0	0	1	0	1	1	1	1	0	1	1	1	1	0	1	1	1	1	1	0	1	0	1	1	1	1	0	1	1	0	0	1	1	1	1	1	0	1	0	1	1	0	0	0	1	1	1	0	1	0	0	1	1	1	1	0	1	1	1	1	1	0	1	0	1	1	1	1	0	0	1	1	
PB18	3	1	0	1	0	1	0	1	0	1	0	1	0	1	1	1	1	0	0	1	1	1	1	0	1	1	1	1	0	0	0	1	0	0	1	1	1	1	0	1	1	1	1	1	1	1	0	1	0	1	1	1	1	0	0	1	0	0	0	0	0	1	1	1	1	0	1	0	0	1	0	0	0	1	1	1	1	1	0	1	1	1	0	1	0	0	1	1	1	1	1	1	0	1	0	1	1	0	0	1	1	
PB18	3	1	0	1	0	1	0	1	0	1	0	1	0	1	1	1	1	0	0	1	1	1	1	0	1	1	1	1	0	0	0	1	0	0	1	1	1	1	0	1	1	1	1	1	1	1	0	1	0	1	1	1	1	0	0	1	0	0	0	0	0	1	1	1	1	0	1	0	0	1	0	0	0	1	1	1	1	1	0	1	1	1	0	1	0	0	1	1	1	1	1	1	0	1	0	1	1	0	0	1	1	
PB19	3	1	0	1	0	0	0	1	0	1	1	1	0	1	1	1	1	1	0	1	1	1	1	1	0	1	1	1	0	0	0	1	0	0	1	1	1	0	0	1	1	1	0	1	1	1	1	1	0	1	0	1	1	0	0	1	0	0	0	0	0	1	1	1	1	0	1	0	0	1	0	0	0	1	1	1	1	1	0	0	1	1	1	1	0	1	1	1	1	1	1	1	1	1	1	1	1	0	1	1	1	
PB19	3	1	0	1	0	0	0	1	0	1	1	1	0	1	1	1	1	1	0	1	1	1	1	1	0	1	1	1	0	0	0	1	0	0	1	1	1	0	0	1	1	1	0	1	1	1	1	1	0	1	0	1	1	0	0	1	0	0	0	0	0	1	1	1	1	0	1	0	0	1	0	0	0	1	1	1	1	1	0	0	1	1	1	1	0	1	1	1	1	1	1	1	1	1	1	1	1	0	1	1	1	
PB20	3	1	0	1	0	0	0	0	0	1	1	1	0	1	1	1	1	0	0	1	1	1	1	1	0	1	1	1	0	0	0	1	0	0	1	1	1	1	1	1	1	1	1	1	1	1	0	1	0	1	0	1	1	0	1	0	1	0	0	0	1	0	1	1	1	1	1	0	0	1	0	0	1	1	1	1	1	1	0	0	0	1	1	1	0	0	1	1	1	1	1	0	1	1	1	1	1	0	1	1	1	
PB20	3	1	0	1	0	0	0	0	0	1	1	1	0	1	1	1	1	0	0	1	1	1	1	1	0	1	1	1	0	0	0	1	0	0	1	1	1	1	1	1	1	1	1	1	1	1	0	1	0	1	0	1	1	0	1	0	1	0	0	0	1	0	1	1	1	1	1	0	0	1	0	0	1	1	1	1	1	1	0	0	0	1	1	1	0	0	1	1	1	1	1	0	1	1	1	1	1	0	1	1	1	
PB21	3	1	1	1	0	0	0	0	0	1	1	1	0	0	1	0	0	0	1	1	1	1	1	1	1	1	1	1	0	1	0	1	0	0	1	1	1	0	0	1	1	1	1	1	1	1	1	1	0	1	0	1	1	0	1	0	0	1	1	0	0	1	1	1	1	0	1	0	0	1	0	1	0	1	1	1	0	1	0	1	1	1	1	1	0	0	0	1	1	1	1	1	0	1	0	1	0	0	0	1	1	
PB21	3	1	1	1	0	0	0	0	0	1	1	1	0	0	1	0	0	0	1	1	1	1	1	1	1	1	1	1	0	1	0	1	0	0	1	1	1	0	0	1	1	1	1	1	1	1	1	1	0	1	0	1	1	0	1	0	0	1	1	0	0	1	1	1	1	0	1	0	0	1	0	1	0	1	1	1	0	1	0	1	1	1	1	1	0	0	0	1	1	1	1	1	0	1	0	1	0	0	0	1	1	
PB22	3	1	0	1	1	1	0	1	0	1	0	1	0	1	1	0	0	1	0	1	1	1	1	0	1	1	1	1	1	1	0	1	0	0	1	1	1	1	1	1	1	1	1	1	1	1	0	1	0	1	1	1	1	0	1	1	1	0	1	0	1	1	1	1	1	0	1	0	0	1	0	0	0	1	1	1	0	1	0	1	1	1	0	1	1	1	1	1	1	1	1	0	0	1	1	1	1	0	1	1	1	
PB22	3	1	0	1	1	1	0	1	0	1	0	1	0	1	1	0	0	1	0	1	1	1	1	0	1	1	1	1	1	1	0	1	0	0	1	1	1	1	1	1	1	1	1	1	1	1	0	1	0	1	1	1	1	0	1	1	1	0	1	0	1	1	1	1	1	0	1	0	0	1	0	0	0	1	1	1	0	1	0	1	1	1	0	1	1	1	1	1	1	1	1	0	0	1	1	1	1	0	1	1	1	
PB23	3	1	0	1	0	0	0	1	0	1	1	1	0	1	1	1	1	0	0	1	1	1	1	1	1	1	1	1	0	1	0	1	0	0	1	1	1	0	1	1	1	1	1	1	1	1	1	1	0	1	0	1	1	1	1	0	0	1	1	0	0	0	1	0	1	1	1	0	0	1	0	1	0	1	1	1	1	1	1	0	1	1	1	1	1	1	1	1	1	1	0	1	0	1	1	1	1	0	1	1	1	
PB23	3	1	0	1	0	0	0	1	0	1	1	1	0	1	1	1	1	0	0	1	1	1	1	1	1	1	1	1	0	1	0	1	0	0	1	1	1	0	1	1	1	1	1	1	1	1	1	1	0	1	0	1	1	1	1	0	0	1	1	0	0	0	1	0	1	1	1	0	0	1	0	1	0	1	1	1	1	1	1	0	1	1	1	1	1	1	1	1	1	1	0	1	0	1	1	1	1	0	1	1	1	
PB24	3	1	1	1	1	1	0	0	0	1	1	1	0	1	1	0	0	1	0	1	1	1	1	1	1	0	1	1	1	0	0	1	0	0	1	1	1	1	1	1	1	1	1	1	1	1	1	1	0	1	1	1	1	0	0	0	0	0	1	0	0	1	1	0	1	0	1	0	0	1	1	1	1	1	1	1	0	1	0	1	1	1	0	1	1	1	1	1	1	1	1	0	0	1	1	1	1	0	0	1	1	
PB24	3	1	1	1	1	1	0	0	0	1	1	1	0	1	1	0	0	1	0	1	1	1	1	1	1	0	1	1	1	0	0	1	0	0	1	1	1	1	1	1	1	1	1	1	1	1	1	1	0	1	1	1	1	0	0	0	0	0	1	0	0	1	1	0	1	0	1	0	0	1	1	1	1	1	1	1	0	1	0	1	1	1	0	1	1	1	1	1	1	1	1	0	0	1	1	1	1	0	0	1	1	
PB25	3	1	1	1	0	0	0	0	0	1	1	1	0	1	1	1	0	0	0	1	1	1	1	1	1	1	1	1	0	0	0	1	0	0	1	1	1	1	0	1	1	1	0	1	1	1	0	1	0	1	0	1	1	1	1	0	1	0	1	0	0	0	1	0	1	0	1	0	0	1	0	1	0	1	1	1	1	1	0	1	1	1	1	1	0	1	1	1	1	1	1	1	1	1	1	1	1	0	1	1	1	
PB25	3	1	1	1	0	0	0	0	0	1	1	1	0	1	1	1	0	0	0	1	1	1	1	1	1	1	1	1	0	0	0	1	0	0	1	1	1	1	0	1	1	1	0	1	1	1	0	1	0	1	0	1	1	1	1	0	1	0	1	0	0	0	1	0	1	0	1	0	0	1	0	1	0	1	1	1	1	1	0	1	1	1	1	1	0	1	1	1	1	1	1	1	1	1	1	1	1	0	1	1	1	
PB26	3	1	0	1	0	1	0	0	0	1	0	1	0	1	1	0	1	0	1	1	1	1	1	1	1	1	1	1	0	1	0	1	0	0	1	1	1	1	0	1	1	1	1	1	1	1	0	1	0	1	1	1	1	1	1	0	1	1	1	0	0	0	1	1	1	0	1	0	0	1	0	0	0	1	1	1	0	1	0	0	1	1	1	1	0	0	0	1	0	1	1	1	1	1	0	1	1	0	1	1	1	
PB26	3	1	0	1	0	1	0	0	0	1	0	1	0	1	1	0	1	0	1	1	1	1	1	1	1	1	1	1	0	1	0	1	0	0	1	1	1	1	0	1	1	1	1	1	1	1	0	1	0	1	1	1	1	1	1	0	1	1	1	0	0	0	1	1	1	0	1	0	0	1	0	0	0	1	1	1	0	1	0	0	1	1	1	1	0	0	0	1	0	1	1	1	1	1	0	1	1	0	1	1	1	
PB27	3	1	0	1	0	1	0	0	0	1	1	1	0	1	1	1	1	1	0	1	1	1	1	1	1	1	0	1	0	0	0	1	0	1	1	1	1	0	0	1	1	1	1	1	1	1	0	1	0	1	0	1	1	0	1	1	1	0	1	0	1	0	1	1	1	0	1	0	0	1	1	0	0	1	1	1	0	1	1	0	1	1	1	1	1	1	1	1	1	1	1	1	0	1	1	1	1	0	0	1	1	
PB27	3	1	0	1	0	1	0	0	0	1	1	1	0	1	1	1	1	1	0	1	1	1	1	1	1	1	0	1	0	0	0	1	0	1	1	1	1	0	0	1	1	1	1	1	1	1	0	1	0	1	0	1	1	0	1	1	1	0	1	0	1	0	1	1	1	0	1	0	0	1	1	0	0	1	1	1	0	1	1	0	1	1	1	1	1	1	1	1	1	1	1	1	0	1	1	1	1	0	0	1	1	
PB28	3	1	1	1	0	0	0	1	0	1	1	1	1	1	1	1	0	0	1	1	1	1	1	1	1	1	1	1	0	1	0	1	0	1	1	1	1	1	0	1	1	1	1	1	1	1	0	1	0	1	1	1	1	0	0	0	0	0	1	0	0	1	1	1	1	0	1	0	0	1	1	1	0	1	1	1	0	1	0	1	1	1	0	1	0	1	1	1	1	1	1	1	0	1	0	1	1	0	1	1	1	
PB28	3	1	1	1	0	0	0	1	0	1	1	1	1	1	1	1	0	0	1	1	1	1	1	1	1	1	1	1	0	1	0	1	0	1	1	1	1	1	0	1	1	1	1	1	1	1	0	1	0	1	1	1	1	0	0	0	0	0	1	0	0	1	1	1	1	0	1	0	0	1	1	1	0	1	1	1	0	1	0	1	1	1	0	1	0	1	1	1	1	1	1	1	0	1	0	1	1	0	1	1	1	
PB29	3	1	0	1	0	1	0	1	0	1	1	1	0	1	1	1	1	0	0	1	1	1	1	0	1	1	1	1	1	0	0	1	0	0	1	1	1	1	1	1	1	1	1	1	1	1	0	1	0	1	0	1	1	1	1	0	1	0	1	0	1	1	1	1	1	0	1	0	0	1	0	0	0	1	1	1	0	1	0	0	1	1	0	1	0	1	0	1	1	1	1	1	0	1	1	1	1	1	0	1	1	
PB29	3	1	0	1	0	1	0	1	0	1	1	1	0	1	1	1	1	0	0	1	1	1	1	0	1	1	1	1	1	0	0	1	0	0	1	1	1	1	1	1	1	1	1	1	1	1	0	1	0	1	0	1	1	1	1	0	1	0	1	0	1	1	1	1	1	0	1	0	0	1	0	0	0	1	1	1	0	1	0	0	1	1	0	1	0	1	0	1	1	1	1	1	0	1	1	1	1	1	0	1	1	
PB30	3	1	0	1	1	0	0	1	0	1	1	1	0	0	1	1	1	1	0	1	1	1	1	1	1	1	1	0	0	1	0	1	0	0	1	1	1	0	0	0	1	1	1	1	1	1	1	1	0	1	1	1	1	1	0	0	1	0	1	0	0	1	1	1	1	0	1	0	0	1	0	1	0	1	1	1	0	0	0	1	1	1	0	1	0	1	1	1	1	1	1	1	0	1	0	1	1	0	1	1	1	
PB30	3	1	0	1	1	0	0	1	0	1	1	1	0	0	1	1	1	1	0	1	1	1	1	1	1	1	1	0	0	1	0	1	0	0	1	1	1	0	0	0	1	1	1	1	1	1	1	1	0	1	1	1	1	1	0	0	1	0	1	0	0	1	1	1	1	0	1	0	0	1	0	1	0	1	1	1	0	0	0	1	1	1	0	1	0	1	1	1	1	1	1	1	0	1	0	1	1	0	1	1	1	
PB31	3	1	1	1	1	1	0	0	0	1	0	1	0	0	1	0	1	1	0	1	1	1	1	0	1	1	1	1	0	1	0	1	0	0	1	1	1	1	1	1	1	1	0	1	1	1	1	1	0	1	1	1	1	0	0	0	1	0	1	0	0	0	1	1	1	0	1	0	0	1	0	0	0	1	1	0	0	1	0	0	1	1	1	1	0	1	1	1	1	1	1	1	0	1	1	1	1	0	1	1	1	
PB31	3	1	1	1	1	1	0	0	0	1	0	1	0	0	1	0	1	1	0	1	1	1	1	0	1	1	1	1	0	1	0	1	0	0	1	1	1	1	1	1	1	1	0	1	1	1	1	1	0	1	1	1	1	0	0	0	1	0	1	0	0	0	1	1	1	0	1	0	0	1	0	0	0	1	1	0	0	1	0	0	1	1	1	1	0	1	1	1	1	1	1	1	0	1	1	1	1	0	1	1	1	
PB32	3	1	0	1	0	1	0	0	0	1	0	1	0	1	1	1	1	0	1	1	1	1	1	1	1	1	1	1	0	1	0	1	0	0	1	1	1	1	0	1	0	1	0	1	1	1	1	1	0	1	0	1	1	1	0	0	1	0	0	0	0	0	1	0	1	0	1	0	0	1	1	1	0	1	1	1	0	1	0	1	1	1	1	1	0	0	1	1	1	1	1	0	0	0	0	1	1	0	0	1	1	
PB32	3	1	0	1	0	1	0	0	0	1	0	1	0	1	1	1	1	0	1	1	1	1	1	1	1	1	1	1	0	1	0	1	0	0	1	1	1	1	0	1	0	1	0	1	1	1	1	1	0	1	0	1	1	1	0	0	1	0	0	0	0	0	1	0	1	0	1	0	0	1	1	1	0	1	1	1	0	1	0	1	1	1	1	1	0	0	1	1	1	1	1	0	0	0	0	1	1	0	0	1	1	
PB33	3	1	0	1	0	1	0	0	0	1	1	1	0	1	1	1	1	1	0	1	1	1	1	0	1	1	1	1	0	1	0	1	0	0	1	1	1	1	1	1	1	1	1	1	1	1	1	1	0	1	0	1	1	0	0	0	0	1	1	0	1	1	1	0	1	0	1	0	0	1	0	0	0	1	1	1	1	1	1	0	1	1	1	1	1	1	1	1	1	1	1	0	0	1	0	1	1	0	1	1	1	
PB33	3	1	0	1	0	1	0	0	0	1	1	1	0	1	1	1	1	1	0	1	1	1	1	0	1	1	1	1	0	1	0	1	0	0	1	1	1	1	1	1	1	1	1	1	1	1	1	1	0	1	0	1	1	0	0	0	0	1	1	0	1	1	1	0	1	0	1	0	0	1	0	0	0	1	1	1	1	1	1	0	1	1	1	1	1	1	1	1	1	1	1	0	0	1	0	1	1	0	1	1	1	
PB34	3	1	0	1	0	1	0	0	0	1	0	1	0	1	1	1	1	0	0	1	1	1	1	1	1	1	1	1	0	0	0	1	0	1	1	1	1	0	0	1	1	1	1	1	1	1	0	1	0	1	1	1	1	0	0	1	0	0	0	0	0	1	1	1	1	0	1	0	1	1	0	1	1	1	1	1	1	1	0	0	1	1	1	1	0	0	0	1	1	1	1	1	1	1	1	1	1	0	1	1	1	
PB34	3	1	0	1	0	1	0	0	0	1	0	1	0	1	1	1	1	0	0	1	1	1	1	1	1	1	1	1	0	0	0	1	0	1	1	1	1	0	0	1	1	1	1	1	1	1	0	1	0	1	1	1	1	0	0	1	0	0	0	0	0	1	1	1	1	0	1	0	1	1	0	1	1	1	1	1	1	1	0	0	1	1	1	1	0	0	0	1	1	1	1	1	1	1	1	1	1	0	1	1	1	
PB35	3	1	0	1	1	1	0	0	0	1	1	1	0	1	1	0	0	1	0	1	1	1	1	0	1	1	1	1	0	1	0	1	0	0	1	1	1	0	1	1	1	1	1	1	1	1	1	1	0	1	1	1	1	0	0	0	1	0	1	0	1	1	1	0	1	0	1	0	0	1	0	0	0	1	1	0	0	1	0	0	1	1	0	1	0	0	1	1	0	1	1	1	0	1	1	1	0	1	0	1	0	
PB35	3	1	0	1	1	1	0	0	0	1	1	1	0	1	1	0	0	1	0	1	1	1	1	0	1	1	1	1	0	1	0	1	0	0	1	1	1	0	1	1	1	1	1	1	1	1	1	1	0	1	1	1	1	0	0	0	1	0	1	0	1	1	1	0	1	0	1	0	0	1	0	0	0	1	1	0	0	1	0	0	1	1	0	1	0	0	1	1	0	1	1	1	0	1	1	1	0	1	0	1	0	
PB36	3	1	0	1	0	0	0	0	0	1	1	1	0	1	1	1	1	0	0	1	1	1	1	1	0	1	1	1	0	1	0	1	0	0	1	1	1	1	1	1	1	1	1	1	1	1	1	1	0	1	0	1	1	0	1	1	1	0	0	0	0	0	1	0	1	0	1	0	0	1	0	0	0	1	1	1	0	1	0	0	1	1	1	1	0	1	0	1	1	1	1	1	0	1	1	1	1	0	1	1	1	
PB36	3	1	0	1	0	0	0	0	0	1	1	1	0	1	1	1	1	0	0	1	1	1	1	1	0	1	1	1	0	1	0	1	0	0	1	1	1	1	1	1	1	1	1	1	1	1	1	1	0	1	0	1	1	0	1	1	1	0	0	0	0	0	1	0	1	0	1	0	0	1	0	0	0	1	1	1	0	1	0	0	1	1	1	1	0	1	0	1	1	1	1	1	0	1	1	1	1	0	1	1	1	
PB37	3	1	0	1	1	1	0	0	0	0	1	1	0	1	1	0	1	0	0	1	1	1	1	0	1	1	1	1	0	0	0	1	0	0	1	1	1	1	0	1	1	1	1	1	1	1	0	1	0	1	0	1	1	0	1	0	1	0	1	0	1	0	1	0	1	0	1	0	0	1	0	0	0	1	1	1	0	1	0	0	1	1	1	1	0	1	1	1	1	1	1	1	1	1	1	1	1	0	0	1	1	
PB37	3	1	0	1	1	1	0	0	0	0	1	1	0	1	1	0	1	0	0	1	1	1	1	0	1	1	1	1	0	0	0	1	0	0	1	1	1	1	0	1	1	1	1	1	1	1	0	1	0	1	0	1	1	0	1	0	1	0	1	0	1	0	1	0	1	0	1	0	0	1	0	0	0	1	1	1	0	1	0	0	1	1	1	1	0	1	1	1	1	1	1	1	1	1	1	1	1	0	0	1	1	
PB38	3	1	0	1	1	1	0	1	1	0	1	1	0	0	1	0	1	1	1	1	1	1	1	1	1	1	1	1	1	0	1	1	0	0	1	1	1	1	1	1	1	1	1	1	1	1	1	1	0	1	1	1	1	0	1	0	0	0	1	1	0	0	0	0	1	0	1	0	0	1	1	0	0	1	1	1	1	0	0	0	1	1	1	1	0	1	1	1	1	1	1	1	0	1	0	1	0	0	0	1	1	
PB38	3	1	0	1	1	1	0	1	1	0	1	1	0	0	1	0	1	1	1	1	1	1	1	1	1	1	1	1	1	0	1	1	0	0	1	1	1	1	1	1	1	1	1	1	1	1	1	1	0	1	1	1	1	0	1	0	0	0	1	1	0	0	0	0	1	0	1	0	0	1	1	0	0	1	1	1	1	0	0	0	1	1	1	1	0	1	1	1	1	1	1	1	0	1	0	1	0	0	0	1	1	
PB39	3	1	1	1	0	1	0	0	0	1	1	1	0	0	1	1	0	1	1	1	1	1	1	1	1	1	1	1	0	1	0	1	0	0	1	1	1	0	0	1	1	1	1	1	1	1	0	1	0	1	1	1	1	1	0	1	0	0	1	0	1	1	1	1	0	0	1	0	0	1	0	0	0	1	1	1	1	1	0	1	1	1	1	1	0	1	1	1	1	1	1	0	0	1	1	1	1	0	1	1	1	
PB39	3	1	1	1	0	1	0	0	0	1	1	1	0	0	1	1	0	1	1	1	1	1	1	1	1	1	1	1	0	1	0	1	0	0	1	1	1	0	0	1	1	1	1	1	1	1	0	1	0	1	1	1	1	1	0	1	0	0	1	0	1	1	1	1	0	0	1	0	0	1	0	0	0	1	1	1	1	1	0	1	1	1	1	1	0	1	1	1	1	1	1	0	0	1	1	1	1	0	1	1	1	
PB40	3	1	0	1	0	1	0	0	0	1	1	1	0	0	1	1	1	1	0	1	1	1	1	1	1	1	1	1	0	0	0	1	0	0	1	1	1	1	1	1	1	1	1	1	1	1	1	1	0	1	0	1	1	0	0	1	1	0	1	0	0	1	1	1	1	0	1	0	0	1	0	1	0	1	1	1	1	1	0	0	1	1	0	1	0	0	0	1	1	1	1	1	0	1	0	1	1	0	0	1	1	
PB40	3	1	0	1	0	1	0	0	0	1	1	1	0	0	1	1	1	1	0	1	1	1	1	1	1	1	1	1	0	0	0	1	0	0	1	1	1	1	1	1	1	1	1	1	1	1	1	1	0	1	0	1	1	0	0	1	1	0	1	0	0	1	1	1	1	0	1	0	0	1	0	1	0	1	1	1	1	1	0	0	1	1	0	1	0	0	0	1	1	1	1	1	0	1	0	1	1	0	0	1	1	
PB41	3	1	0	1	0	0	0	0	0	1	1	1	0	1	1	1	1	0	0	1	1	1	1	1	1	1	1	1	0	1	0	1	0	0	1	1	1	1	0	1	1	1	1	1	1	1	1	1	0	1	1	1	1	1	0	1	0	0	1	0	1	1	1	0	1	0	1	0	0	1	1	1	0	1	1	1	1	1	0	0	1	1	0	1	1	0	0	1	1	1	0	1	1	1	1	1	1	0	0	1	1	
PB41	3	1	0	1	0	0	0	0	0	1	1	1	0	1	1	1	1	0	0	1	1	1	1	1	1	1	1	1	0	1	0	1	0	0	1	1	1	1	0	1	1	1	1	1	1	1	1	1	0	1	1	1	1	1	0	1	0	0	1	0	1	1	1	0	1	0	1	0	0	1	1	1	0	1	1	1	1	1	0	0	1	1	0	1	1	0	0	1	1	1	0	1	1	1	1	1	1	0	0	1	1	
PB42	3	1	0	1	0	1	0	0	0	1	1	1	0	1	1	1	1	1	0	1	1	1	1	1	1	1	1	1	1	0	0	1	0	1	1	1	1	0	0	1	1	1	1	1	1	1	1	1	0	1	1	1	1	0	1	0	0	0	1	0	1	1	1	1	1	0	1	0	0	1	0	0	0	1	1	1	0	1	0	0	1	1	1	1	0	0	1	1	0	1	1	1	0	1	1	1	1	0	1	1	1	
PB42	3	1	0	1	0	1	0	0	0	1	1	1	0	1	1	1	1	1	0	1	1	1	1	1	1	1	1	1	1	0	0	1	0	1	1	1	1	0	0	1	1	1	1	1	1	1	1	1	0	1	1	1	1	0	1	0	0	0	1	0	1	1	1	1	1	0	1	0	0	1	0	0	0	1	1	1	0	1	0	0	1	1	1	1	0	0	1	1	0	1	1	1	0	1	1	1	1	0	1	1	1	
PB43	3	1	1	1	0	1	0	0	0	1	1	1	0	1	1	1	1	1	0	1	1	1	1	1	0	1	1	1	0	0	0	1	0	1	1	1	1	1	1	1	1	1	0	1	1	1	1	1	0	1	1	1	1	0	1	0	1	0	0	0	0	1	1	1	1	0	1	1	0	1	0	0	0	1	1	1	1	1	0	1	1	1	1	1	1	1	1	1	1	1	0	0	0	1	1	1	1	1	0	1	0	
PB43	3	1	1	1	0	1	0	0	0	1	1	1	0	1	1	1	1	1	0	1	1	1	1	1	0	1	1	1	0	0	0	1	0	1	1	1	1	1	1	1	1	1	0	1	1	1	1	1	0	1	1	1	1	0	1	0	1	0	0	0	0	1	1	1	1	0	1	1	0	1	0	0	0	1	1	1	1	1	0	1	1	1	1	1	1	1	1	1	1	1	0	0	0	1	1	1	1	1	0	1	0	
PB44	3	1	0	1	0	0	0	1	0	1	0	1	0	1	1	1	0	1	1	1	1	1	1	1	1	1	1	1	1	0	0	1	0	0	1	1	1	1	0	1	1	1	1	1	1	1	1	1	0	1	0	1	1	0	0	0	1	0	1	0	0	0	1	1	0	0	1	0	0	1	0	0	0	1	1	0	0	1	0	1	1	1	1	1	1	1	0	1	1	1	0	1	0	1	1	1	1	0	1	1	1	
PB44	3	1	0	1	0	0	0	1	0	1	0	1	0	1	1	1	0	1	1	1	1	1	1	1	1	1	1	1	1	0	0	1	0	0	1	1	1	1	0	1	1	1	1	1	1	1	1	1	0	1	0	1	1	0	0	0	1	0	1	0	0	0	1	1	0	0	1	0	0	1	0	0	0	1	1	0	0	1	0	1	1	1	1	1	1	1	0	1	1	1	0	1	0	1	1	1	1	0	1	1	1	
PB45	3	1	0	1	0	1	0	0	0	1	1	1	0	1	1	1	1	1	0	1	1	1	1	1	1	0	1	1	0	1	0	1	0	1	1	1	1	0	1	1	1	1	1	1	1	1	0	1	0	1	1	1	1	0	0	1	0	1	1	0	1	0	1	0	1	0	1	0	0	1	0	0	0	1	1	1	1	0	0	0	1	1	1	1	0	1	1	1	1	1	1	1	0	1	1	1	1	0	0	1	1	
PB45	3	1	0	1	0	1	0	0	0	1	1	1	0	1	1	1	1	1	0	1	1	1	1	1	1	0	1	1	0	1	0	1	0	1	1	1	1	0	1	1	1	1	1	1	1	1	0	1	0	1	1	1	1	0	0	1	0	1	1	0	1	0	1	0	1	0	1	0	0	1	0	0	0	1	1	1	1	0	0	0	1	1	1	1	0	1	1	1	1	1	1	1	0	1	1	1	1	0	0	1	1	
PB46	3	1	0	1	0	0	0	0	1	1	1	1	0	0	1	1	1	0	0	1	1	1	1	1	1	1	1	1	0	1	0	1	0	0	1	1	1	1	1	1	1	1	1	1	1	1	1	1	0	1	1	1	1	0	1	1	1	0	1	0	0	0	1	1	1	1	1	0	0	1	1	1	0	1	1	1	1	1	0	0	1	1	1	1	0	1	1	1	1	1	1	1	0	1	1	1	1	0	1	1	1	
PB46	3	1	0	1	0	0	0	0	1	1	1	1	0	0	1	1	1	0	0	1	1	1	1	1	1	1	1	1	0	1	0	1	0	0	1	1	1	1	1	1	1	1	1	1	1	1	1	1	0	1	1	1	1	0	1	1	1	0	1	0	0	0	1	1	1	1	1	0	0	1	1	1	0	1	1	1	1	1	0	0	1	1	1	1	0	1	1	1	1	1	1	1	0	1	1	1	1	0	1	1	1	
PB47	3	1	0	1	0	0	0	0	0	1	1	1	0	0	1	0	1	0	0	1	1	1	1	1	0	1	1	1	0	0	0	1	0	1	1	1	1	0	1	1	1	1	1	1	1	1	1	1	0	1	0	1	1	0	1	1	0	0	0	0	0	0	1	0	1	0	1	0	0	1	0	0	0	1	1	0	1	1	0	1	1	1	1	1	0	1	0	1	1	1	0	1	0	1	0	1	0	0	1	1	1	
PB47	3	1	0	1	0	0	0	0	0	1	1	1	0	0	1	0	1	0	0	1	1	1	1	1	0	1	1	1	0	0	0	1	0	1	1	1	1	0	1	1	1	1	1	1	1	1	1	1	0	1	0	1	1	0	1	1	0	0	0	0	0	0	1	0	1	0	1	0	0	1	0	0	0	1	1	0	1	1	0	1	1	1	1	1	0	1	0	1	1	1	0	1	0	1	0	1	0	0	1	1	1	
PB48	3	1	1	1	0	1	0	0	0	1	1	1	0	1	1	0	1	1	0	1	1	1	1	1	1	1	1	1	0	1	0	1	0	0	1	1	1	0	1	1	1	1	1	1	1	1	1	1	0	1	1	1	1	0	0	0	0	0	1	0	0	1	1	1	1	0	1	0	0	1	0	0	0	1	1	1	1	1	0	1	1	1	1	1	0	1	1	1	1	1	1	0	0	1	1	1	1	0	0	1	1	
PB48	3	1	1	1	0	1	0	0	0	1	1	1	0	1	1	0	1	1	0	1	1	1	1	1	1	1	1	1	0	1	0	1	0	0	1	1	1	0	1	1	1	1	1	1	1	1	1	1	0	1	1	1	1	0	0	0	0	0	1	0	0	1	1	1	1	0	1	0	0	1	0	0	0	1	1	1	1	1	0	1	1	1	1	1	0	1	1	1	1	1	1	0	0	1	1	1	1	0	0	1	1	
PB49	3	1	1	1	0	1	0	0	0	1	1	1	0	1	1	1	1	1	0	1	1	1	1	1	1	1	1	1	0	0	0	1	0	0	1	1	1	0	1	1	1	1	1	1	1	1	0	1	0	1	1	1	1	1	1	0	0	0	0	0	1	0	1	1	1	0	1	0	0	1	1	0	0	1	1	1	1	1	0	1	1	1	1	1	0	0	1	1	1	1	1	0	0	1	0	1	1	0	1	1	1	
PB49	3	1	1	1	0	1	0	0	0	1	1	1	0	1	1	1	1	1	0	1	1	1	1	1	1	1	1	1	0	0	0	1	0	0	1	1	1	0	1	1	1	1	1	1	1	1	0	1	0	1	1	1	1	1	1	0	0	0	0	0	1	0	1	1	1	0	1	0	0	1	1	0	0	1	1	1	1	1	0	1	1	1	1	1	0	0	1	1	1	1	1	0	0	1	0	1	1	0	1	1	1	
PB50	3	1	0	1	0	1	0	0	0	1	1	1	0	1	1	0	1	1	0	1	1	1	1	1	1	1	1	1	0	1	0	1	0	0	1	1	1	1	1	1	1	1	0	1	1	1	1	1	0	1	1	1	1	0	1	1	0	1	0	0	0	1	1	1	1	1	1	0	0	1	1	1	0	1	1	0	1	1	0	0	1	1	1	1	0	1	1	1	1	1	1	1	0	1	1	1	1	0	0	1	1	
PB50	3	1	0	1	0	1	0	0	0	1	1	1	0	1	1	0	1	1	0	1	1	1	1	1	1	1	1	1	0	1	0	1	0	0	1	1	1	1	1	1	1	1	0	1	1	1	1	1	0	1	1	1	1	0	1	1	0	1	0	0	0	1	1	1	1	1	1	0	0	1	1	1	0	1	1	0	1	1	0	0	1	1	1	1	0	1	1	1	1	1	1	1	0	1	1	1	1	0	0	1	1	
PB51	3	1	1	1	0	0	0	1	0	1	0	1	0	0	1	0	0	0	0	1	1	1	1	1	1	1	1	1	0	1	0	1	0	1	1	1	1	0	0	1	1	1	1	1	1	1	0	1	0	1	1	1	1	0	0	0	1	0	1	0	1	1	1	0	1	0	1	0	0	1	0	1	0	1	1	1	0	1	0	1	1	1	1	1	0	0	1	1	1	1	1	1	1	1	1	1	1	0	1	1	1	
PB51	3	1	1	1	0	0	0	1	0	1	0	1	0	0	1	0	0	0	0	1	1	1	1	1	1	1	1	1	0	1	0	1	0	1	1	1	1	0	0	1	1	1	1	1	1	1	0	1	0	1	1	1	1	0	0	0	1	0	1	0	1	1	1	0	1	0	1	0	0	1	0	1	0	1	1	1	0	1	0	1	1	1	1	1	0	0	1	1	1	1	1	1	1	1	1	1	1	0	1	1	1	
PB52	3	1	0	1	0	1	0	1	0	1	1	1	0	1	1	0	0	0	0	1	1	1	1	0	1	1	1	1	0	1	0	1	0	0	1	1	1	0	1	1	1	1	1	1	1	1	0	1	0	1	1	1	1	0	0	1	1	0	0	1	1	1	1	1	1	0	1	0	0	1	0	0	0	1	1	1	1	1	1	0	1	1	1	1	0	0	0	1	1	1	1	1	0	1	0	0	1	0	0	1	1	
PB52	3	1	0	1	0	1	0	1	0	1	1	1	0	1	1	0	0	0	0	1	1	1	1	0	1	1	1	1	0	1	0	1	0	0	1	1	1	0	1	1	1	1	1	1	1	1	0	1	0	1	1	1	1	0	0	1	1	0	0	1	1	1	1	1	1	0	1	0	0	1	0	0	0	1	1	1	1	1	1	0	1	1	1	1	0	0	0	1	1	1	1	1	0	1	0	0	1	0	0	1	1	
PB53	3	1	1	1	0	1	0	0	0	1	1	1	0	1	1	1	0	0	0	1	1	1	1	1	1	1	1	1	0	1	0	1	0	0	1	1	1	0	1	1	1	1	1	1	1	1	0	1	0	1	1	1	1	0	1	0	1	0	0	0	1	1	1	0	1	0	1	1	0	1	0	1	0	1	1	1	0	1	0	0	1	0	1	1	0	0	0	1	1	1	0	0	1	1	1	1	1	0	0	1	1	
PB53	3	1	1	1	0	1	0	0	0	1	1	1	0	1	1	1	0	0	0	1	1	1	1	1	1	1	1	1	0	1	0	1	0	0	1	1	1	0	1	1	1	1	1	1	1	1	0	1	0	1	1	1	1	0	1	0	1	0	0	0	1	1	1	0	1	0	1	1	0	1	0	1	0	1	1	1	0	1	0	0	1	0	1	1	0	0	0	1	1	1	0	0	1	1	1	1	1	0	0	1	1	
PB54	3	1	0	1	0	1	0	1	1	1	1	1	0	1	1	1	0	1	1	1	1	1	1	1	0	1	1	1	0	1	0	1	0	0	1	1	1	1	0	1	1	1	1	1	1	1	0	1	0	1	0	1	1	1	0	0	1	0	1	0	0	0	1	1	1	0	1	0	0	1	0	0	0	1	1	1	0	1	0	0	1	1	1	1	1	0	1	1	1	1	1	0	0	1	1	1	0	1	0	1	1	
PB54	3	1	0	1	0	1	0	1	1	1	1	1	0	1	1	1	0	1	1	1	1	1	1	1	0	1	1	1	0	1	0	1	0	0	1	1	1	1	0	1	1	1	1	1	1	1	0	1	0	1	0	1	1	1	0	0	1	0	1	0	0	0	1	1	1	0	1	0	0	1	0	0	0	1	1	1	0	1	0	0	1	1	1	1	1	0	1	1	1	1	1	0	0	1	1	1	0	1	0	1	1	
PB55	3	1	1	1	0	1	0	0	0	1	1	1	0	1	1	1	1	1	0	1	1	1	1	1	1	1	1	1	0	1	0	1	0	1	1	1	1	1	1	1	1	1	0	1	1	1	1	1	0	1	1	1	1	1	1	0	1	0	1	0	1	1	1	1	1	1	1	0	0	1	1	0	0	1	1	1	1	1	0	0	1	1	1	1	0	1	1	1	1	1	0	1	0	1	1	1	1	0	1	1	1	
PB55	3	1	1	1	0	1	0	0	0	1	1	1	0	1	1	1	1	1	0	1	1	1	1	1	1	1	1	1	0	1	0	1	0	1	1	1	1	1	1	1	1	1	0	1	1	1	1	1	0	1	1	1	1	1	1	0	1	0	1	0	1	1	1	1	1	1	1	0	0	1	1	0	0	1	1	1	1	1	0	0	1	1	1	1	0	1	1	1	1	1	0	1	0	1	1	1	1	0	1	1	1	
PB56	3	1	0	1	0	1	0	0	0	1	1	1	0	1	1	0	1	1	0	1	1	1	1	1	1	1	0	1	0	0	0	1	0	0	1	1	1	0	0	1	1	1	1	1	1	1	1	1	0	1	1	1	1	1	0	1	1	0	1	0	0	1	1	0	1	0	1	0	0	1	0	1	0	1	1	1	0	0	0	1	1	1	0	1	0	1	1	1	1	1	1	0	0	1	1	1	1	1	1	1	1	
PB56	3	1	0	1	0	1	0	0	0	1	1	1	0	1	1	0	1	1	0	1	1	1	1	1	1	1	0	1	0	0	0	1	0	0	1	1	1	0	0	1	1	1	1	1	1	1	1	1	0	1	1	1	1	1	0	1	1	0	1	0	0	1	1	0	1	0	1	0	0	1	0	1	0	1	1	1	0	0	0	1	1	1	0	1	0	1	1	1	1	1	1	0	0	1	1	1	1	1	1	1	1	
PB57	3	1	0	1	0	1	0	0	0	1	0	1	0	0	1	0	0	1	0	1	1	1	1	1	1	1	1	1	0	0	0	1	0	0	1	1	1	1	0	1	1	1	1	1	1	1	0	1	0	1	1	1	1	0	0	1	0	0	0	0	0	1	1	0	1	1	1	0	0	1	0	0	0	1	1	1	0	1	0	0	1	1	1	1	0	0	1	1	1	1	1	1	0	1	1	1	0	1	1	1	1	
PB57	3	1	0	1	0	1	0	0	0	1	0	1	0	0	1	0	0	1	0	1	1	1	1	1	1	1	1	1	0	0	0	1	0	0	1	1	1	1	0	1	1	1	1	1	1	1	0	1	0	1	1	1	1	0	0	1	0	0	0	0	0	1	1	0	1	1	1	0	0	1	0	0	0	1	1	1	0	1	0	0	1	1	1	1	0	0	1	1	1	1	1	1	0	1	1	1	0	1	1	1	1	
PB58	3	1	1	1	1	1	0	1	0	1	1	1	0	1	1	1	1	0	0	1	1	1	1	1	1	0	1	1	0	1	0	1	0	1	1	1	1	0	0	1	1	1	1	1	1	1	0	1	0	1	1	1	1	1	0	0	1	0	0	0	0	1	1	0	1	0	1	0	0	1	1	0	0	1	1	1	1	1	0	0	1	1	1	1	1	1	1	1	1	1	1	0	0	1	1	1	0	0	1	1	1	
PB58	3	1	1	1	1	1	0	1	0	1	1	1	0	1	1	1	1	0	0	1	1	1	1	1	1	0	1	1	0	1	0	1	0	1	1	1	1	0	0	1	1	1	1	1	1	1	0	1	0	1	1	1	1	1	0	0	1	0	0	0	0	1	1	0	1	0	1	0	0	1	1	0	0	1	1	1	1	1	0	0	1	1	1	1	1	1	1	1	1	1	1	0	0	1	1	1	0	0	1	1	1	
PB59	3	1	1	1	0	0	0	0	0	1	1	1	1	1	1	1	1	1	0	1	1	1	1	1	1	1	1	1	0	0	0	1	0	1	1	1	1	1	1	1	1	1	1	1	1	1	1	1	0	1	0	1	1	1	0	1	1	0	0	0	1	0	1	1	1	0	1	0	1	1	0	0	0	1	1	1	0	1	0	0	1	1	0	1	0	0	1	1	0	1	1	1	0	1	0	1	1	0	0	1	1	
PB59	3	1	1	1	0	0	0	0	0	1	1	1	1	1	1	1	1	1	0	1	1	1	1	1	1	1	1	1	0	0	0	1	0	1	1	1	1	1	1	1	1	1	1	1	1	1	1	1	0	1	0	1	1	1	0	1	1	0	0	0	1	0	1	1	1	0	1	0	1	1	0	0	0	1	1	1	0	1	0	0	1	1	0	1	0	0	1	1	0	1	1	1	0	1	0	1	1	0	0	1	1	
PB60	3	1	1	1	0	0	0	1	0	1	1	1	0	0	1	0	0	0	0	1	1	1	1	1	0	1	1	1	0	1	0	1	0	0	1	1	1	1	0	1	1	1	1	1	1	1	1	1	0	1	1	1	1	0	0	0	1	0	1	1	1	1	1	0	1	0	1	0	0	1	0	0	0	1	1	1	0	0	0	1	1	1	1	1	0	0	1	1	0	1	1	0	0	1	1	1	1	0	0	1	0	
PB60	3	1	1	1	0	0	0	1	0	1	1	1	0	0	1	0	0	0	0	1	1	1	1	1	0	1	1	1	0	1	0	1	0	0	1	1	1	1	0	1	1	1	1	1	1	1	1	1	0	1	1	1	1	0	0	0	1	0	1	1	1	1	1	0	1	0	1	0	0	1	0	0	0	1	1	1	0	0	0	1	1	1	1	1	0	0	1	1	0	1	1	0	0	1	1	1	1	0	0	1	0	
PB61	3	1	1	1	0	1	0	0	0	1	0	1	0	1	1	0	1	1	0	1	1	1	1	1	1	1	1	1	0	1	0	1	0	0	1	1	1	0	0	1	1	1	1	1	0	1	1	1	0	1	1	1	1	0	0	0	0	0	1	0	0	0	1	1	1	0	1	0	0	1	1	1	0	1	1	1	1	1	0	0	0	1	1	1	0	1	1	1	0	1	1	1	0	1	0	1	1	0	1	1	1	
PB61	3	1	1	1	0	1	0	0	0	1	0	1	0	1	1	0	1	1	0	1	1	1	1	1	1	1	1	1	0	1	0	1	0	0	1	1	1	0	0	1	1	1	1	1	0	1	1	1	0	1	1	1	1	0	0	0	0	0	1	0	0	0	1	1	1	0	1	0	0	1	1	1	0	1	1	1	1	1	0	0	0	1	1	1	0	1	1	1	0	1	1	1	0	1	0	1	1	0	1	1	1	
PB62	3	1	1	1	0	0	0	0	0	1	0	1	0	0	1	1	1	1	0	1	1	1	1	0	1	1	1	1	0	0	0	1	0	0	1	1	1	0	1	1	1	1	1	1	1	1	1	1	0	1	0	1	1	0	0	0	0	0	1	0	0	1	0	0	1	0	1	0	0	1	1	0	0	1	1	1	1	1	0	1	1	1	1	1	0	0	0	1	1	1	0	1	0	1	1	1	1	0	1	1	1	
PB62	3	1	1	1	0	0	0	0	0	1	0	1	0	0	1	1	1	1	0	1	1	1	1	0	1	1	1	1	0	0	0	1	0	0	1	1	1	0	1	1	1	1	1	1	1	1	1	1	0	1	0	1	1	0	0	0	0	0	1	0	0	1	0	0	1	0	1	0	0	1	1	0	0	1	1	1	1	1	0	1	1	1	1	1	0	0	0	1	1	1	0	1	0	1	1	1	1	0	1	1	1	
PB63	3	1	0	1	0	1	0	0	0	1	1	1	0	0	1	0	0	1	0	1	1	1	1	1	1	1	1	1	1	0	0	1	0	1	1	1	1	1	1	1	1	1	1	1	1	1	1	1	0	1	1	1	1	1	1	1	0	0	1	0	0	0	1	0	1	0	1	0	0	1	0	0	0	1	1	1	0	1	0	1	1	1	1	1	0	1	1	1	1	1	1	1	0	1	1	1	1	0	0	1	1	
PB63	3	1	0	1	0	1	0	0	0	1	1	1	0	0	1	0	0	1	0	1	1	1	1	1	1	1	1	1	1	0	0	1	0	1	1	1	1	1	1	1	1	1	1	1	1	1	1	1	0	1	1	1	1	1	1	1	0	0	1	0	0	0	1	0	1	0	1	0	0	1	0	0	0	1	1	1	0	1	0	1	1	1	1	1	0	1	1	1	1	1	1	1	0	1	1	1	1	0	0	1	1	
PB64	3	1	0	1	0	1	0	1	0	1	1	1	0	1	1	1	1	0	0	1	1	1	1	1	1	1	1	1	1	0	0	1	0	0	1	1	1	0	1	1	1	1	1	1	1	1	0	1	0	1	1	1	1	1	0	0	1	0	1	0	1	1	1	1	1	0	1	0	0	1	0	0	0	1	1	1	0	1	1	1	1	1	1	1	1	0	0	1	1	1	1	1	0	1	0	1	0	0	0	1	1	
PB64	3	1	0	1	0	1	0	1	0	1	1	1	0	1	1	1	1	0	0	1	1	1	1	1	1	1	1	1	1	0	0	1	0	0	1	1	1	0	1	1	1	1	1	1	1	1	0	1	0	1	1	1	1	1	0	0	1	0	1	0	1	1	1	1	1	0	1	0	0	1	0	0	0	1	1	1	0	1	1	1	1	1	1	1	1	0	0	1	1	1	1	1	0	1	0	1	0	0	0	1	1	
PB65	3	1	0	1	0	1	0	0	1	1	1	1	0	1	1	0	0	1	0	1	1	1	1	1	1	1	1	1	0	0	0	1	0	0	1	1	1	0	0	1	1	1	1	1	1	1	0	1	0	1	1	1	1	1	0	0	0	0	0	1	0	1	1	1	1	0	1	0	0	1	0	0	0	1	1	1	1	1	0	0	1	1	1	1	0	1	1	1	1	1	1	1	0	1	0	1	1	0	1	1	1	
PB65	3	1	0	1	0	1	0	0	1	1	1	1	0	1	1	0	0	1	0	1	1	1	1	1	1	1	1	1	0	0	0	1	0	0	1	1	1	0	0	1	1	1	1	1	1	1	0	1	0	1	1	1	1	1	0	0	0	0	0	1	0	1	1	1	1	0	1	0	0	1	0	0	0	1	1	1	1	1	0	0	1	1	1	1	0	1	1	1	1	1	1	1	0	1	0	1	1	0	1	1	1	
PB66	3	1	1	1	0	0	0	0	0	1	0	1	0	1	1	0	1	0	0	1	1	1	1	0	1	0	1	1	0	1	0	1	0	1	1	1	1	0	0	1	1	1	1	1	1	1	0	1	0	1	1	1	1	1	1	1	1	0	1	0	0	0	1	1	1	0	1	0	0	1	0	1	0	1	1	0	1	1	0	0	1	1	0	1	1	1	1	1	0	1	0	1	1	1	1	1	1	0	0	1	1	
PB66	3	1	1	1	0	0	0	0	0	1	0	1	0	1	1	0	1	0	0	1	1	1	1	0	1	0	1	1	0	1	0	1	0	1	1	1	1	0	0	1	1	1	1	1	1	1	0	1	0	1	1	1	1	1	1	1	1	0	1	0	0	0	1	1	1	0	1	0	0	1	0	1	0	1	1	0	1	1	0	0	1	1	0	1	1	1	1	1	0	1	0	1	1	1	1	1	1	0	0	1	1	
PB67	3	1	1	1	0	1	0	0	0	1	0	1	0	1	1	0	1	0	0	1	1	1	1	0	0	1	1	1	0	1	0	1	0	0	1	1	1	0	1	1	1	1	1	1	1	1	0	1	0	1	1	1	1	0	0	1	1	1	0	0	1	1	1	1	1	0	1	0	0	1	0	0	0	1	1	1	1	1	0	1	1	1	1	1	0	0	0	1	1	1	1	1	0	1	1	1	1	0	1	1	1	
PB67	3	1	1	1	0	1	0	0	0	1	0	1	0	1	1	0	1	0	0	1	1	1	1	0	0	1	1	1	0	1	0	1	0	0	1	1	1	0	1	1	1	1	1	1	1	1	0	1	0	1	1	1	1	0	0	1	1	1	0	0	1	1	1	1	1	0	1	0	0	1	0	0	0	1	1	1	1	1	0	1	1	1	1	1	0	0	0	1	1	1	1	1	0	1	1	1	1	0	1	1	1	
PB68	3	1	0	1	0	1	0	1	0	1	0	1	0	1	1	1	1	0	0	1	1	1	1	1	1	1	1	1	0	1	0	1	0	0	1	1	1	0	1	1	0	1	1	1	1	1	1	1	0	1	0	1	1	1	0	0	1	0	1	1	1	1	1	1	1	0	1	0	0	1	0	0	0	1	1	1	0	1	0	1	1	1	1	1	0	0	0	1	1	1	1	0	1	1	1	1	1	0	0	1	1	
PB68	3	1	0	1	0	1	0	1	0	1	0	1	0	1	1	1	1	0	0	1	1	1	1	1	1	1	1	1	0	1	0	1	0	0	1	1	1	0	1	1	0	1	1	1	1	1	1	1	0	1	0	1	1	1	0	0	1	0	1	1	1	1	1	1	1	0	1	0	0	1	0	0	0	1	1	1	0	1	0	1	1	1	1	1	0	0	0	1	1	1	1	0	1	1	1	1	1	0	0	1	1	
PB69	3	1	1	1	0	1	0	1	0	1	1	1	0	1	1	1	1	1	0	1	1	1	1	1	1	1	1	1	1	0	0	1	0	0	1	1	1	1	1	1	1	1	1	1	1	1	0	1	0	1	1	1	1	1	1	0	0	0	1	0	0	0	1	1	1	0	1	0	0	1	0	0	0	1	1	1	0	1	1	1	1	1	1	1	1	1	1	1	1	1	1	1	0	1	1	1	1	0	1	1	1	
PB69	3	1	1	1	0	1	0	1	0	1	1	1	0	1	1	1	1	1	0	1	1	1	1	1	1	1	1	1	1	0	0	1	0	0	1	1	1	1	1	1	1	1	1	1	1	1	0	1	0	1	1	1	1	1	1	0	0	0	1	0	0	0	1	1	1	0	1	0	0	1	0	0	0	1	1	1	0	1	1	1	1	1	1	1	1	1	1	1	1	1	1	1	0	1	1	1	1	0	1	1	1	
PB70	3	1	0	1	0	1	0	0	0	1	1	1	0	1	1	1	1	1	0	1	1	1	1	1	1	0	1	1	0	0	0	1	0	0	1	1	1	1	1	1	1	1	1	1	1	1	0	1	0	1	1	1	1	1	0	0	0	0	0	0	0	0	1	1	1	0	1	0	0	1	0	1	0	1	1	1	0	0	0	1	1	1	1	1	0	0	0	1	1	1	0	1	0	1	1	1	1	0	1	1	1	
PB70	3	1	0	1	0	1	0	0	0	1	1	1	0	1	1	1	1	1	0	1	1	1	1	1	1	0	1	1	0	0	0	1	0	0	1	1	1	1	1	1	1	1	1	1	1	1	0	1	0	1	1	1	1	1	0	0	0	0	0	0	0	0	1	1	1	0	1	0	0	1	0	1	0	1	1	1	0	0	0	1	1	1	1	1	0	0	0	1	1	1	0	1	0	1	1	1	1	0	1	1	1	
PB71	3	1	0	1	0	1	0	0	0	1	1	1	0	1	1	1	1	0	0	1	1	1	1	0	1	0	1	1	0	1	0	1	0	1	1	1	1	1	0	1	1	1	1	1	1	1	1	1	0	1	1	1	1	0	0	0	1	0	1	0	0	1	1	0	1	0	1	0	0	1	1	0	0	1	0	0	0	1	1	1	1	1	1	1	0	1	1	1	1	1	1	0	1	1	0	1	1	0	1	1	1	
PB71	3	1	0	1	0	1	0	0	0	1	1	1	0	1	1	1	1	0	0	1	1	1	1	0	1	0	1	1	0	1	0	1	0	1	1	1	1	1	0	1	1	1	1	1	1	1	1	1	0	1	1	1	1	0	0	0	1	0	1	0	0	1	1	0	1	0	1	0	0	1	1	0	0	1	0	0	0	1	1	1	1	1	1	1	0	1	1	1	1	1	1	0	1	1	0	1	1	0	1	1	1	
PB72	3	1	1	1	0	1	0	1	0	1	1	1	0	0	1	0	0	0	0	1	1	1	1	0	1	1	1	1	1	1	0	1	0	0	1	1	1	0	0	1	1	1	1	1	1	1	1	1	0	1	1	1	1	1	1	1	1	0	0	0	0	0	1	1	1	0	1	0	0	1	0	0	0	1	1	1	0	1	1	0	1	1	1	1	0	1	1	1	0	1	1	1	0	1	1	1	1	0	1	1	1	
PB72	3	1	1	1	0	1	0	1	0	1	1	1	0	0	1	0	0	0	0	1	1	1	1	0	1	1	1	1	1	1	0	1	0	0	1	1	1	0	0	1	1	1	1	1	1	1	1	1	0	1	1	1	1	1	1	1	1	0	0	0	0	0	1	1	1	0	1	0	0	1	0	0	0	1	1	1	0	1	1	0	1	1	1	1	0	1	1	1	0	1	1	1	0	1	1	1	1	0	1	1	1	
PB73	3	1	0	1	0	1	0	0	0	0	1	1	0	0	1	0	1	0	1	1	1	1	1	0	1	1	1	1	0	1	0	1	0	0	1	1	1	0	0	1	1	1	1	1	1	1	1	1	0	1	1	1	1	0	0	0	1	0	0	0	0	0	1	1	1	0	1	0	0	1	1	0	0	1	1	1	0	1	0	0	1	1	0	1	0	0	1	1	1	1	1	0	0	1	1	1	0	0	0	1	1	
PB73	3	1	0	1	0	1	0	0	0	0	1	1	0	0	1	0	1	0	1	1	1	1	1	0	1	1	1	1	0	1	0	1	0	0	1	1	1	0	0	1	1	1	1	1	1	1	1	1	0	1	1	1	1	0	0	0	1	0	0	0	0	0	1	1	1	0	1	0	0	1	1	0	0	1	1	1	0	1	0	0	1	1	0	1	0	0	1	1	1	1	1	0	0	1	1	1	0	0	0	1	1	
PB74	3	1	1	1	0	0	0	0	0	1	1	1	0	0	1	1	1	1	0	1	1	1	1	0	0	1	1	1	0	0	0	1	0	0	1	1	1	1	0	1	1	1	0	1	1	1	0	1	0	1	1	1	1	0	0	0	0	0	0	0	0	1	1	0	1	1	1	0	0	1	0	1	1	1	1	0	0	1	0	1	1	1	1	1	0	0	1	1	1	1	1	1	0	1	1	1	1	0	0	1	1	
PB74	3	1	1	1	0	0	0	0	0	1	1	1	0	0	1	1	1	1	0	1	1	1	1	0	0	1	1	1	0	0	0	1	0	0	1	1	1	1	0	1	1	1	0	1	1	1	0	1	0	1	1	1	1	0	0	0	0	0	0	0	0	1	1	0	1	1	1	0	0	1	0	1	1	1	1	0	0	1	0	1	1	1	1	1	0	0	1	1	1	1	1	1	0	1	1	1	1	0	0	1	1	
PB75	3	1	0	1	0	1	0	0	0	1	1	1	0	0	1	0	1	0	0	1	1	1	1	1	0	1	1	1	0	0	0	1	0	0	1	1	0	1	0	1	1	1	1	1	1	1	1	1	0	1	1	1	1	0	0	0	0	0	1	0	1	0	0	0	1	0	1	0	0	1	0	1	0	1	1	1	1	1	1	1	1	1	1	1	0	0	0	1	1	1	1	1	0	1	0	1	1	0	1	1	1	
PB75	3	1	0	1	0	1	0	0	0	1	1	1	0	0	1	0	1	0	0	1	1	1	1	1	0	1	1	1	0	0	0	1	0	0	1	1	0	1	0	1	1	1	1	1	1	1	1	1	0	1	1	1	1	0	0	0	0	0	1	0	1	0	0	0	1	0	1	0	0	1	0	1	0	1	1	1	1	1	1	1	1	1	1	1	0	0	0	1	1	1	1	1	0	1	0	1	1	0	1	1	1	
PB76	3	1	0	1	0	1	0	0	0	1	1	1	0	0	1	0	0	1	0	1	1	1	1	1	1	1	1	1	0	0	0	1	0	0	1	1	1	1	0	1	1	1	1	1	1	1	0	1	0	1	0	1	1	0	0	0	0	0	1	0	1	0	1	1	1	0	1	0	0	1	0	0	0	1	1	1	1	1	0	1	1	1	1	1	0	0	1	1	1	1	1	0	0	1	1	1	1	0	1	1	1	
PB76	3	1	0	1	0	1	0	0	0	1	1	1	0	0	1	0	0	1	0	1	1	1	1	1	1	1	1	1	0	0	0	1	0	0	1	1	1	1	0	1	1	1	1	1	1	1	0	1	0	1	0	1	1	0	0	0	0	0	1	0	1	0	1	1	1	0	1	0	0	1	0	0	0	1	1	1	1	1	0	1	1	1	1	1	0	0	1	1	1	1	1	0	0	1	1	1	1	0	1	1	1	
PB77	3	1	0	1	0	0	0	0	0	1	1	1	0	1	1	0	1	0	0	1	1	1	1	1	1	1	1	1	1	0	0	1	0	0	1	1	1	1	1	1	1	1	0	1	1	1	0	1	0	1	0	1	1	1	1	0	1	0	1	1	0	1	1	1	1	1	1	1	0	1	0	0	0	1	1	1	0	1	0	0	1	1	1	1	0	1	1	1	1	1	0	0	1	1	0	1	1	0	1	1	1	
PB77	3	1	0	1	0	0	0	0	0	1	1	1	0	1	1	0	1	0	0	1	1	1	1	1	1	1	1	1	1	0	0	1	0	0	1	1	1	1	1	1	1	1	0	1	1	1	0	1	0	1	0	1	1	1	1	0	1	0	1	1	0	1	1	1	1	1	1	1	0	1	0	0	0	1	1	1	0	1	0	0	1	1	1	1	0	1	1	1	1	1	0	0	1	1	0	1	1	0	1	1	1	
PB78	3	1	0	1	1	1	0	0	0	1	1	1	0	1	1	1	1	0	0	1	1	1	1	1	1	1	1	1	0	0	0	1	0	0	1	1	1	1	1	1	1	1	1	1	1	1	1	1	0	1	1	1	1	0	0	0	1	0	1	0	0	1	0	0	1	0	1	0	0	1	0	0	0	1	1	1	0	1	0	1	1	1	1	1	0	1	1	1	0	1	1	1	0	1	0	1	0	0	1	1	1	
PB78	3	1	0	1	1	1	0	0	0	1	1	1	0	1	1	1	1	0	0	1	1	1	1	1	1	1	1	1	0	0	0	1	0	0	1	1	1	1	1	1	1	1	1	1	1	1	1	1	0	1	1	1	1	0	0	0	1	0	1	0	0	1	0	0	1	0	1	0	0	1	0	0	0	1	1	1	0	1	0	1	1	1	1	1	0	1	1	1	0	1	1	1	0	1	0	1	0	0	1	1	1	
PB79	3	1	0	1	1	0	0	1	0	1	0	1	1	1	1	1	0	1	0	1	1	1	1	0	0	1	1	1	0	0	0	1	0	0	1	1	1	0	0	1	1	1	0	1	1	1	0	1	0	1	1	1	1	0	0	0	1	0	0	0	1	0	1	0	1	0	1	0	0	1	0	0	0	1	1	1	0	1	0	1	1	1	1	1	0	1	1	0	1	1	1	1	0	1	0	1	1	0	0	1	1	
PB79	3	1	0	1	1	0	0	1	0	1	0	1	1	1	1	1	0	1	0	1	1	1	1	0	0	1	1	1	0	0	0	1	0	0	1	1	1	0	0	1	1	1	0	1	1	1	0	1	0	1	1	1	1	0	0	0	1	0	0	0	1	0	1	0	1	0	1	0	0	1	0	0	0	1	1	1	0	1	0	1	1	1	1	1	0	1	1	0	1	1	1	1	0	1	0	1	1	0	0	1	1	
PB80	3	1	0	1	0	1	0	0	0	1	1	1	0	1	1	0	1	1	0	1	1	1	1	1	1	1	1	1	1	1	0	1	0	0	1	1	1	0	1	1	1	1	0	1	1	1	1	1	0	1	1	1	1	1	1	1	1	0	0	1	0	0	1	0	1	0	1	0	0	1	0	0	0	1	1	1	0	1	0	1	1	1	0	1	0	1	1	1	1	1	1	1	0	1	1	1	1	0	0	1	1	
PB80	3	1	0	1	0	1	0	0	0	1	1	1	0	1	1	0	1	1	0	1	1	1	1	1	1	1	1	1	1	1	0	1	0	0	1	1	1	0	1	1	1	1	0	1	1	1	1	1	0	1	1	1	1	1	1	1	1	0	0	1	0	0	1	0	1	0	1	0	0	1	0	0	0	1	1	1	0	1	0	1	1	1	0	1	0	1	1	1	1	1	1	1	0	1	1	1	1	0	0	1	1	
PB81	3	1	0	1	0	0	0	0	0	1	1	1	0	1	1	1	1	1	0	1	1	1	1	0	1	1	1	1	0	0	0	1	0	0	1	1	1	1	0	1	1	1	1	1	1	1	0	1	0	1	1	1	1	0	0	0	0	1	0	0	0	1	0	0	1	0	1	0	0	1	1	0	0	1	1	1	1	0	0	0	1	1	1	1	0	0	0	1	1	1	1	1	0	1	0	1	1	1	0	1	1	
PB81	3	1	0	1	0	0	0	0	0	1	1	1	0	1	1	1	1	1	0	1	1	1	1	0	1	1	1	1	0	0	0	1	0	0	1	1	1	1	0	1	1	1	1	1	1	1	0	1	0	1	1	1	1	0	0	0	0	1	0	0	0	1	0	0	1	0	1	0	0	1	1	0	0	1	1	1	1	0	0	0	1	1	1	1	0	0	0	1	1	1	1	1	0	1	0	1	1	1	0	1	1	
PB82	3	1	1	1	0	1	0	1	0	1	1	1	0	1	1	0	1	1	0	1	1	1	1	0	1	1	1	1	0	0	0	1	0	0	1	1	1	1	0	1	1	1	1	1	1	1	1	1	0	1	0	1	1	1	0	0	1	0	1	0	0	1	1	1	1	0	1	0	0	1	0	0	0	1	1	1	1	1	0	0	1	1	1	1	1	1	1	1	1	1	1	1	0	1	1	1	0	0	0	1	1	
PB82	3	1	1	1	0	1	0	1	0	1	1	1	0	1	1	0	1	1	0	1	1	1	1	0	1	1	1	1	0	0	0	1	0	0	1	1	1	1	0	1	1	1	1	1	1	1	1	1	0	1	0	1	1	1	0	0	1	0	1	0	0	1	1	1	1	0	1	0	0	1	0	0	0	1	1	1	1	1	0	0	1	1	1	1	1	1	1	1	1	1	1	1	0	1	1	1	0	0	0	1	1	
PB83	3	1	0	1	0	1	0	1	0	1	1	1	0	0	1	1	1	0	0	1	1	1	1	1	1	1	1	1	0	0	0	1	0	1	1	1	1	0	1	1	1	1	1	1	1	1	0	1	0	1	0	1	1	0	0	1	1	0	1	0	0	0	1	1	1	0	1	0	0	1	0	0	0	1	1	1	0	1	0	1	1	1	1	1	0	0	1	1	1	1	0	1	0	1	0	1	0	0	1	1	1	
PB83	3	1	0	1	0	1	0	1	0	1	1	1	0	0	1	1	1	0	0	1	1	1	1	1	1	1	1	1	0	0	0	1	0	1	1	1	1	0	1	1	1	1	1	1	1	1	0	1	0	1	0	1	1	0	0	1	1	0	1	0	0	0	1	1	1	0	1	0	0	1	0	0	0	1	1	1	0	1	0	1	1	1	1	1	0	0	1	1	1	1	0	1	0	1	0	1	0	0	1	1	1	
PB84	3	1	0	1	0	0	0	0	0	0	1	1	0	1	1	0	1	0	0	1	1	1	1	1	1	1	1	1	0	0	0	1	0	0	1	1	1	0	0	1	1	1	0	1	1	1	1	1	0	1	1	1	1	1	1	0	0	0	1	0	0	1	1	0	1	0	1	0	1	1	0	0	0	1	1	1	1	1	0	0	1	1	1	1	0	0	0	1	1	1	0	0	0	1	1	1	1	0	0	1	1	
PB84	3	1	0	1	0	0	0	0	0	0	1	1	0	1	1	0	1	0	0	1	1	1	1	1	1	1	1	1	0	0	0	1	0	0	1	1	1	0	0	1	1	1	0	1	1	1	1	1	0	1	1	1	1	1	1	0	0	0	1	0	0	1	1	0	1	0	1	0	1	1	0	0	0	1	1	1	1	1	0	0	1	1	1	1	0	0	0	1	1	1	0	0	0	1	1	1	1	0	0	1	1	
PB85	3	1	0	1	0	0	0	1	0	1	0	1	0	1	1	1	1	1	0	1	1	1	1	1	0	1	1	1	0	0	0	1	0	0	1	1	1	1	1	1	1	1	1	1	1	1	1	1	0	1	1	1	1	0	1	0	1	0	1	0	0	0	1	0	1	0	1	0	0	1	1	0	0	1	0	1	0	0	0	1	1	1	1	1	1	1	1	1	1	1	1	1	0	1	1	1	1	0	1	1	1	
PB85	3	1	0	1	0	0	0	1	0	1	0	1	0	1	1	1	1	1	0	1	1	1	1	1	0	1	1	1	0	0	0	1	0	0	1	1	1	1	1	1	1	1	1	1	1	1	1	1	0	1	1	1	1	0	1	0	1	0	1	0	0	0	1	0	1	0	1	0	0	1	1	0	0	1	0	1	0	0	0	1	1	1	1	1	1	1	1	1	1	1	1	1	0	1	1	1	1	0	1	1	1	
PB86	3	1	0	1	0	1	0	1	0	1	1	1	0	1	1	0	1	1	1	1	1	1	1	1	1	1	1	1	0	1	0	1	0	0	1	1	1	1	0	1	1	1	1	1	1	1	1	1	0	1	0	1	1	1	1	0	1	0	1	0	1	1	1	0	1	0	1	0	0	1	0	0	0	1	1	1	1	1	0	0	1	1	1	1	0	1	1	1	1	1	1	1	0	1	0	1	0	0	0	1	1	
PB86	3	1	0	1	0	1	0	1	0	1	1	1	0	1	1	0	1	1	1	1	1	1	1	1	1	1	1	1	0	1	0	1	0	0	1	1	1	1	0	1	1	1	1	1	1	1	1	1	0	1	0	1	1	1	1	0	1	0	1	0	1	1	1	0	1	0	1	0	0	1	0	0	0	1	1	1	1	1	0	0	1	1	1	1	0	1	1	1	1	1	1	1	0	1	0	1	0	0	0	1	1	
PB87	3	1	1	1	0	1	0	0	0	1	1	1	0	0	1	0	1	0	0	1	1	1	1	0	1	1	1	1	0	0	0	1	0	1	1	1	1	0	1	1	1	1	1	1	1	1	0	1	0	1	1	1	1	1	1	0	1	1	1	0	0	1	1	0	1	0	1	0	0	1	0	0	0	1	1	1	0	0	0	1	1	1	1	1	0	0	1	1	1	1	1	1	0	1	1	1	0	0	1	1	1	
PB87	3	1	1	1	0	1	0	0	0	1	1	1	0	0	1	0	1	0	0	1	1	1	1	0	1	1	1	1	0	0	0	1	0	1	1	1	1	0	1	1	1	1	1	1	1	1	0	1	0	1	1	1	1	1	1	0	1	1	1	0	0	1	1	0	1	0	1	0	0	1	0	0	0	1	1	1	0	0	0	1	1	1	1	1	0	0	1	1	1	1	1	1	0	1	1	1	0	0	1	1	1	
PB88	3	1	0	1	1	1	0	0	0	1	0	1	0	1	1	1	1	0	0	1	1	1	1	1	1	1	1	1	0	1	1	1	0	0	1	1	1	1	0	1	1	1	1	1	1	1	0	1	0	1	1	1	1	0	0	1	1	0	0	0	1	1	1	1	1	0	1	0	0	1	0	0	0	1	1	1	0	1	0	1	1	1	0	1	0	1	1	1	1	1	0	1	1	1	1	1	0	0	1	1	1	
PB88	3	1	0	1	1	1	0	0	0	1	0	1	0	1	1	1	1	0	0	1	1	1	1	1	1	1	1	1	0	1	1	1	0	0	1	1	1	1	0	1	1	1	1	1	1	1	0	1	0	1	1	1	1	0	0	1	1	0	0	0	1	1	1	1	1	0	1	0	0	1	0	0	0	1	1	1	0	1	0	1	1	1	0	1	0	1	1	1	1	1	0	1	1	1	1	1	0	0	1	1	1	
PB89	3	1	1	1	0	1	0	0	0	1	0	1	0	1	1	0	1	0	0	1	1	1	1	0	1	1	1	1	0	1	0	1	0	1	1	1	1	0	0	1	1	1	1	1	1	1	0	1	0	1	0	1	1	0	1	1	1	0	1	1	1	0	1	1	1	0	1	0	0	1	0	0	0	1	1	1	1	1	0	0	1	1	0	1	1	1	1	1	1	1	1	1	0	1	1	1	1	0	0	1	1	
PB89	3	1	1	1	0	1	0	0	0	1	0	1	0	1	1	0	1	0	0	1	1	1	1	0	1	1	1	1	0	1	0	1	0	1	1	1	1	0	0	1	1	1	1	1	1	1	0	1	0	1	0	1	1	0	1	1	1	0	1	1	1	0	1	1	1	0	1	0	0	1	0	0	0	1	1	1	1	1	0	0	1	1	0	1	1	1	1	1	1	1	1	1	0	1	1	1	1	0	0	1	1	
PB90	3	1	1	1	0	0	0	1	0	1	0	1	0	1	1	1	1	1	0	1	1	1	1	0	1	1	1	1	0	0	0	1	0	0	1	1	1	1	0	1	1	1	1	1	1	1	1	1	0	1	1	1	1	0	1	0	0	1	0	0	1	1	1	1	1	0	1	0	0	1	0	0	0	1	1	1	1	1	0	1	1	1	1	1	0	0	0	1	1	1	0	1	1	1	1	1	0	0	0	1	1	
PB90	3	1	1	1	0	0	0	1	0	1	0	1	0	1	1	1	1	1	0	1	1	1	1	0	1	1	1	1	0	0	0	1	0	0	1	1	1	1	0	1	1	1	1	1	1	1	1	1	0	1	1	1	1	0	1	0	0	1	0	0	1	1	1	1	1	0	1	0	0	1	0	0	0	1	1	1	1	1	0	1	1	1	1	1	0	0	0	1	1	1	0	1	1	1	1	1	0	0	0	1	1	
PB91	3	1	1	1	0	1	0	0	0	1	0	1	0	1	1	1	1	1	0	1	1	1	1	0	1	1	1	1	0	0	0	1	0	0	1	1	1	1	0	1	1	1	1	1	1	1	1	1	0	1	1	1	1	1	0	0	0	0	0	0	0	0	1	0	1	0	1	0	0	1	0	0	0	1	1	0	1	1	0	1	1	1	1	1	0	1	1	1	1	1	1	1	1	1	0	1	0	0	0	1	1	
PB91	3	1	1	1	0	1	0	0	0	1	0	1	0	1	1	1	1	1	0	1	1	1	1	0	1	1	1	1	0	0	0	1	0	0	1	1	1	1	0	1	1	1	1	1	1	1	1	1	0	1	1	1	1	1	0	0	0	0	0	0	0	0	1	0	1	0	1	0	0	1	0	0	0	1	1	0	1	1	0	1	1	1	1	1	0	1	1	1	1	1	1	1	1	1	0	1	0	0	0	1	1	
PB92	3	1	0	1	0	1	0	1	0	1	1	1	0	0	1	0	1	0	0	1	1	1	1	1	0	1	1	1	0	0	0	1	0	0	1	1	1	1	1	1	1	1	1	1	1	1	1	1	0	1	1	1	1	1	1	0	1	0	0	0	1	1	1	0	1	0	1	0	0	1	0	0	0	1	1	1	1	0	0	1	1	1	1	1	0	1	1	1	1	1	0	0	0	1	1	1	0	0	0	1	1	
PB92	3	1	0	1	0	1	0	1	0	1	1	1	0	0	1	0	1	0	0	1	1	1	1	1	0	1	1	1	0	0	0	1	0	0	1	1	1	1	1	1	1	1	1	1	1	1	1	1	0	1	1	1	1	1	1	0	1	0	0	0	1	1	1	0	1	0	1	0	0	1	0	0	0	1	1	1	1	0	0	1	1	1	1	1	0	1	1	1	1	1	0	0	0	1	1	1	0	0	0	1	1	
PB93	3	1	1	1	0	1	0	0	0	1	1	1	0	0	1	0	0	0	0	1	1	1	1	1	1	1	1	1	0	1	1	1	0	1	1	1	1	1	0	1	1	1	0	1	1	1	0	1	0	1	1	1	1	1	1	0	1	0	0	0	1	1	1	0	1	0	1	1	0	1	0	0	0	1	1	1	1	1	0	1	1	1	1	1	1	0	1	0	1	1	1	0	1	1	0	1	0	0	0	1	1	
PB93	3	1	1	1	0	1	0	0	0	1	1	1	0	0	1	0	0	0	0	1	1	1	1	1	1	1	1	1	0	1	1	1	0	1	1	1	1	1	0	1	1	1	0	1	1	1	0	1	0	1	1	1	1	1	1	0	1	0	0	0	1	1	1	0	1	0	1	1	0	1	0	0	0	1	1	1	1	1	0	1	1	1	1	1	1	0	1	0	1	1	1	0	1	1	0	1	0	0	0	1	1	
PB94	3	1	0	1	0	1	0	0	0	1	1	1	0	1	1	1	1	1	0	1	1	1	1	1	1	1	1	1	0	0	0	1	0	1	1	1	1	1	0	1	1	1	1	1	1	1	0	1	0	1	1	1	1	0	1	1	0	0	1	0	0	1	1	1	1	0	1	0	0	1	0	0	0	1	1	1	1	0	0	1	1	1	1	1	0	1	0	1	1	1	1	1	0	1	1	1	0	1	1	1	1	
PB94	3	1	0	1	0	1	0	0	0	1	1	1	0	1	1	1	1	1	0	1	1	1	1	1	1	1	1	1	0	0	0	1	0	1	1	1	1	1	0	1	1	1	1	1	1	1	0	1	0	1	1	1	1	0	1	1	0	0	1	0	0	1	1	1	1	0	1	0	0	1	0	0	0	1	1	1	1	0	0	1	1	1	1	1	0	1	0	1	1	1	1	1	0	1	1	1	0	1	1	1	1	
PB95	3	1	0	1	1	1	0	1	0	1	1	1	0	1	1	0	1	1	0	1	1	1	1	1	1	1	1	0	0	1	0	1	0	1	1	1	1	0	1	1	1	1	1	1	1	1	0	1	0	1	1	1	1	1	0	1	1	0	1	0	0	0	1	0	1	0	1	0	1	1	0	0	0	1	1	1	1	1	0	0	0	1	1	1	0	0	1	1	1	1	1	1	0	1	1	1	1	0	0	1	1	
PB95	3	1	0	1	1	1	0	1	0	1	1	1	0	1	1	0	1	1	0	1	1	1	1	1	1	1	1	0	0	1	0	1	0	1	1	1	1	0	1	1	1	1	1	1	1	1	0	1	0	1	1	1	1	1	0	1	1	0	1	0	0	0	1	0	1	0	1	0	1	1	0	0	0	1	1	1	1	1	0	0	0	1	1	1	0	0	1	1	1	1	1	1	0	1	1	1	1	0	0	1	1	
PB96	3	1	0	1	0	1	0	0	0	1	1	1	0	0	1	1	0	0	0	1	1	1	1	1	1	1	1	1	1	0	0	1	0	1	1	1	1	1	1	1	1	1	1	1	1	1	1	1	0	1	1	1	1	1	0	1	0	0	0	0	0	1	1	0	1	0	1	0	0	1	0	0	0	1	1	1	0	1	0	1	1	1	1	1	0	0	1	1	0	1	0	1	0	1	1	1	1	0	0	1	1	
PB96	3	1	0	1	0	1	0	0	0	1	1	1	0	0	1	1	0	0	0	1	1	1	1	1	1	1	1	1	1	0	0	1	0	1	1	1	1	1	1	1	1	1	1	1	1	1	1	1	0	1	1	1	1	1	0	1	0	0	0	0	0	1	1	0	1	0	1	0	0	1	0	0	0	1	1	1	0	1	0	1	1	1	1	1	0	0	1	1	0	1	0	1	0	1	1	1	1	0	0	1	1	
PB97	3	1	0	1	0	0	0	0	0	1	1	1	0	1	1	1	1	1	0	1	1	1	1	1	1	0	1	1	0	0	0	1	0	0	1	1	1	1	0	1	1	1	1	1	1	1	0	1	0	1	0	1	1	1	0	0	1	0	0	1	0	0	1	1	1	0	1	0	0	1	0	0	0	1	1	0	1	1	0	1	1	1	1	1	0	0	1	1	1	1	1	1	1	1	1	1	1	0	1	1	1	
PB97	3	1	0	1	0	0	0	0	0	1	1	1	0	1	1	1	1	1	0	1	1	1	1	1	1	0	1	1	0	0	0	1	0	0	1	1	1	1	0	1	1	1	1	1	1	1	0	1	0	1	0	1	1	1	0	0	1	0	0	1	0	0	1	1	1	0	1	0	0	1	0	0	0	1	1	0	1	1	0	1	1	1	1	1	0	0	1	1	1	1	1	1	1	1	1	1	1	0	1	1	1	
PB98	3	1	1	1	0	0	0	0	0	1	1	1	0	0	1	0	1	1	0	1	1	1	1	1	1	1	1	1	0	0	0	1	0	0	1	1	1	1	1	1	1	1	1	1	1	1	0	1	0	1	1	1	1	0	0	0	1	0	1	0	0	1	1	0	1	0	1	0	0	1	0	0	0	1	1	1	1	1	0	0	1	1	1	1	0	1	1	1	0	1	0	1	0	1	0	1	1	1	1	1	1	
PB98	3	1	1	1	0	0	0	0	0	1	1	1	0	0	1	0	1	1	0	1	1	1	1	1	1	1	1	1	0	0	0	1	0	0	1	1	1	1	1	1	1	1	1	1	1	1	0	1	0	1	1	1	1	0	0	0	1	0	1	0	0	1	1	0	1	0	1	0	0	1	0	0	0	1	1	1	1	1	0	0	1	1	1	1	0	1	1	1	0	1	0	1	0	1	0	1	1	1	1	1	1	
PB99	3	1	1	1	1	1	0	0	0	1	0	1	0	1	1	0	1	1	0	1	1	1	1	1	1	1	0	1	0	1	0	1	0	0	1	1	1	1	1	1	1	1	1	1	1	1	1	1	0	1	1	1	1	0	0	0	1	1	0	1	0	0	1	0	1	0	1	0	0	1	0	0	0	1	1	1	0	1	0	1	1	1	1	1	0	1	1	1	1	1	1	1	0	1	1	1	1	0	0	1	1	
PB99	3	1	1	1	1	1	0	0	0	1	0	1	0	1	1	0	1	1	0	1	1	1	1	1	1	1	0	1	0	1	0	1	0	0	1	1	1	1	1	1	1	1	1	1	1	1	1	1	0	1	1	1	1	0	0	0	1	1	0	1	0	0	1	0	1	0	1	0	0	1	0	0	0	1	1	1	0	1	0	1	1	1	1	1	0	1	1	1	1	1	1	1	0	1	1	1	1	0	0	1	1	
PB100	3	1	1	1	0	1	0	1	0	1	1	1	0	0	1	1	1	1	0	1	1	1	1	1	1	1	1	1	0	0	0	1	0	0	1	1	1	1	0	1	1	1	0	1	1	1	1	1	0	1	1	1	1	1	0	0	0	1	1	0	0	0	1	1	1	0	1	0	0	1	0	0	0	1	1	1	1	1	0	1	1	1	1	1	0	0	0	1	1	1	0	1	0	1	1	1	1	1	0	1	1	
PB100	3	1	1	1	0	1	0	1	0	1	1	1	0	0	1	1	1	1	0	1	1	1	1	1	1	1	1	1	0	0	0	1	0	0	1	1	1	1	0	1	1	1	0	1	1	1	1	1	0	1	1	1	1	1	0	0	0	1	1	0	0	0	1	1	1	0	1	0	0	1	0	0	0	1	1	1	1	1	0	1	1	1	1	1	0	0	0	1	1	1	0	1	0	1	1	1	1	1	0	1	1	
