[Profile]
Title="AFLP data"
NbSamples=3
DataType=RFLP
GenotypicData=0
LocusSeparator=NONE
MissingData='?'

[Data] 
 [[Samples]] 
 
SampleName="F1"
SampleSize= 30 
SampleData= { 
F1_1 	 1 	 1 0 1 1 0 0 1 0 1 1 1 0 1 1 0 1 0 1 1 1 1 1 1 1 1 1 0 0 1 1 1 1 1 1 1 1 1 1 1 1 1 1 1 1 1 1 1 1 1 0 1 1 1 0 1 1 0 0 0 1 1 0 0 1 1 1 1 0 1 1 0 1 1 1 1 1 1 0 1 1 1 0 1 1 1 0 1 1 1 1 1 0 1 1 1 1 0 1 1 1 
F1_2 	 1 	 1 1 1 1 1 0 0 0 1 1 1 0 1 1 0 0 0 0 1 1 1 1 1 1 1 1 1 0 1 0 1 1 1 1 1 1 1 1 1 1 1 1 1 1 1 1 1 1 1 1 1 1 1 1 1 1 1 0 0 1 1 1 1 1 1 1 1 1 1 1 0 1 1 1 1 1 1 0 1 0 1 1 1 1 1 1 1 1 1 0 0 0 1 1 1 1 1 0 1 1 
F1_3 	 1 	 1 0 1 1 1 0 1 0 1 1 1 0 0 1 0 1 1 0 1 1 1 1 1 1 1 1 1 0 1 0 1 1 1 1 1 1 1 0 1 1 1 1 1 1 1 1 1 1 1 1 1 1 0 1 1 1 0 1 0 0 1 1 1 1 0 1 1 1 1 1 1 1 1 1 1 1 1 0 1 1 0 1 1 1 1 1 1 0 1 1 1 0 1 1 1 1 1 1 1 1 
F1_4 	 1 	 1 1 1 1 1 1 1 0 1 1 1 0 1 1 0 0 1 0 1 1 1 1 1 1 1 1 1 0 0 0 1 1 1 1 1 1 1 1 1 1 1 1 1 1 1 1 1 1 1 0 1 1 1 1 0 1 0 1 0 0 1 1 1 1 1 1 1 1 1 1 1 0 1 1 1 0 1 1 1 1 1 1 1 1 1 0 1 1 1 0 1 1 1 1 1 1 1 1 1 1 
F1_5 	 1 	 1 0 1 1 1 0 1 0 1 1 1 1 1 1 0 1 0 0 1 1 1 1 1 1 1 1 1 0 1 0 1 1 1 1 1 1 1 1 1 1 1 0 1 1 1 1 1 1 1 1 1 1 1 0 1 1 0 1 0 1 1 1 1 1 0 1 1 1 1 1 1 0 1 1 0 0 1 1 0 1 1 1 1 1 1 1 1 1 1 1 1 0 1 1 1 1 1 0 1 1 
F1_6 	 1 	 1 1 1 1 0 0 1 0 1 1 1 0 1 1 1 0 0 0 1 1 1 1 1 1 1 1 1 0 1 1 1 1 1 1 1 1 1 1 1 1 1 0 1 1 1 1 1 1 1 1 1 1 1 1 1 1 1 1 0 1 1 1 0 1 1 1 1 1 1 1 0 0 1 1 1 0 1 0 0 1 1 1 1 1 1 1 1 1 1 1 0 1 1 1 1 1 1 1 1 1 
F1_7 	 1 	 1 1 1 1 0 0 1 0 1 1 1 0 1 1 1 1 1 0 1 1 1 1 1 1 1 1 1 1 1 1 1 1 1 1 1 1 1 0 1 1 1 1 1 1 1 1 1 1 1 0 1 1 1 1 1 1 0 1 0 1 1 0 0 1 1 1 1 1 1 1 1 0 1 1 1 1 1 0 0 1 1 1 1 1 1 0 1 1 1 1 0 1 1 1 1 1 1 0 1 1 
F1_8 	 1 	 1 0 1 1 1 0 1 0 1 1 1 0 1 1 0 1 0 1 1 1 1 1 1 1 1 1 1 0 1 0 1 1 1 1 1 1 1 1 1 1 1 0 1 1 1 1 1 1 1 1 1 1 1 0 1 1 0 1 0 1 1 1 0 1 0 1 1 1 1 1 0 0 1 1 1 1 1 1 0 1 1 1 1 1 1 1 1 1 1 1 1 0 1 1 1 1 1 1 1 1 
F1_9 	 1 	 1 1 1 1 1 0 1 0 1 1 1 0 1 1 0 1 1 0 1 1 1 1 1 1 1 1 1 1 1 1 1 0 1 1 1 1 1 0 1 1 1 1 1 1 1 0 1 1 1 1 1 1 1 1 1 1 1 1 0 0 1 0 0 1 0 1 1 0 1 1 0 1 1 1 0 1 1 0 1 1 1 1 1 1 1 1 1 1 1 1 1 0 1 1 1 1 1 1 1 1 
F1_10 	 1 	 1 1 1 1 1 0 1 0 1 1 1 0 1 1 1 1 1 0 1 1 1 1 1 1 1 1 0 0 1 0 1 1 1 1 1 1 1 1 0 1 1 1 1 1 1 0 1 1 1 1 1 1 1 1 0 1 1 1 0 1 1 1 1 1 1 1 1 1 1 1 0 1 1 1 0 1 1 0 0 1 1 1 1 1 1 1 1 0 1 1 1 0 1 1 1 1 1 1 1 1 
F1_11 	 1 	 1 1 1 1 1 1 1 0 1 1 1 0 1 1 1 0 1 0 0 1 1 1 0 1 1 1 1 1 1 0 1 1 1 1 1 1 1 1 1 1 1 0 1 1 1 1 1 1 1 1 1 1 1 0 0 1 1 0 0 0 1 1 0 1 1 1 1 0 0 1 0 1 1 1 1 1 1 0 1 1 0 1 1 1 1 0 1 1 1 0 1 0 1 1 1 1 0 1 1 1 
F1_12 	 1 	 1 0 1 1 1 0 1 0 1 1 1 0 1 1 0 1 1 0 1 1 1 1 1 1 1 1 1 0 1 0 1 1 1 1 1 1 1 0 1 1 1 1 1 1 1 1 1 1 1 0 1 1 0 0 0 1 1 1 1 0 1 1 1 0 1 1 1 1 1 1 1 1 0 1 1 1 1 0 0 1 1 1 1 1 1 1 1 1 1 0 0 0 1 0 1 1 0 1 1 1 
F1_13 	 1 	 1 1 1 1 0 0 1 0 0 1 1 0 1 1 1 1 1 0 1 1 1 1 1 1 1 1 1 0 1 1 1 1 1 1 1 1 1 0 1 1 1 1 1 1 1 0 1 1 1 0 1 1 1 0 1 1 1 1 0 1 1 1 1 1 1 1 1 1 1 1 0 1 1 1 1 1 1 0 1 1 1 1 1 1 1 1 1 1 1 0 1 0 1 1 1 1 1 1 1 1 
F1_14 	 1 	 1 1 1 0 0 0 0 0 1 1 1 0 0 1 0 1 0 1 1 1 1 1 1 1 1 1 1 0 1 0 1 1 1 1 1 1 1 0 1 1 1 1 1 1 1 1 1 0 1 1 1 1 1 0 1 1 1 1 0 1 1 1 1 1 0 1 0 1 1 1 0 1 1 1 1 1 1 0 1 1 1 1 1 1 1 1 1 1 1 1 1 0 0 1 1 1 0 1 1 1 
F1_15 	 1 	 1 0 1 1 1 0 1 0 0 1 1 0 1 1 0 1 0 0 1 1 1 1 1 1 1 1 1 0 1 0 1 1 1 1 1 1 1 1 1 1 1 1 1 1 1 0 1 1 1 1 1 1 1 1 1 1 1 1 0 0 1 0 1 1 1 1 1 0 1 1 0 0 1 1 1 1 1 1 1 1 1 0 1 1 1 1 1 1 1 1 1 0 1 1 0 1 0 1 1 1 
F1_16 	 1 	 1 0 1 1 1 0 1 0 1 1 1 0 1 1 0 0 1 0 1 1 1 1 1 1 1 1 0 0 1 0 1 1 1 1 1 1 1 1 1 1 1 1 1 1 1 1 1 0 1 0 1 1 1 1 0 1 0 0 0 1 1 0 1 1 1 1 1 0 1 1 1 0 1 0 1 1 1 0 0 1 1 1 1 1 1 1 1 1 1 1 1 0 1 1 1 1 1 1 1 1 
F1_17 	 1 	 1 0 1 1 1 0 1 0 1 1 1 0 1 1 1 0 1 0 1 1 1 1 1 1 1 1 1 0 1 1 1 1 0 1 1 1 1 0 1 1 1 1 1 1 1 1 1 1 1 1 1 1 1 1 1 1 1 1 0 0 1 1 0 1 1 1 1 1 1 1 0 1 1 1 1 1 1 0 1 1 0 1 1 0 1 0 1 1 1 0 1 0 1 1 1 1 0 1 1 1 
F1_18 	 1 	 1 0 1 1 0 0 1 0 0 1 1 0 1 1 0 0 1 0 1 1 1 1 0 1 1 1 1 0 1 0 1 1 1 1 1 1 1 1 1 1 1 1 1 1 1 1 1 1 1 0 1 1 1 1 1 1 0 1 0 0 1 1 1 1 1 1 1 0 1 1 0 0 1 1 0 1 1 0 0 1 1 1 1 1 1 1 1 1 1 1 1 0 1 1 1 1 1 1 1 1 
F1_19 	 1 	 1 1 1 0 1 0 1 0 1 1 1 0 0 1 1 0 1 0 1 1 1 1 1 1 1 1 1 1 1 0 1 1 1 1 1 1 1 1 1 1 1 1 1 1 1 1 1 1 1 0 1 1 1 1 0 1 1 1 0 1 1 1 0 1 0 1 1 1 1 1 1 0 1 1 0 1 1 0 1 1 1 1 1 0 1 1 1 1 1 1 1 1 1 1 0 1 1 1 1 0 
F1_20 	 1 	 1 1 1 1 1 0 0 0 1 1 1 0 1 1 1 1 0 0 1 1 1 1 1 1 1 1 1 0 1 0 1 1 1 1 1 1 1 1 1 1 1 1 1 0 1 1 1 1 1 1 1 1 1 1 1 1 1 1 0 0 1 1 0 1 0 1 1 1 1 1 1 1 1 1 1 1 1 0 1 1 1 1 1 1 1 1 1 1 1 1 0 0 1 1 1 1 0 1 1 1 
F1_21 	 1 	 1 1 1 1 0 0 1 0 1 1 1 0 1 1 1 1 0 0 1 1 1 1 1 1 1 1 1 0 0 1 1 1 1 1 1 1 1 1 1 1 1 1 1 1 1 1 1 0 1 1 1 1 1 1 1 0 1 1 0 0 1 0 1 1 0 1 1 1 1 1 0 1 1 1 1 0 1 0 1 1 1 1 1 1 1 1 1 1 1 1 1 0 1 1 1 1 1 1 1 1 
F1_22 	 1 	 1 1 1 1 1 1 1 0 1 1 1 0 1 1 1 1 0 0 1 1 1 1 1 1 1 1 1 0 1 1 1 1 0 1 1 1 0 1 1 1 1 1 1 1 1 0 1 1 1 1 1 1 1 1 1 1 1 1 0 0 1 1 1 1 1 1 1 0 1 1 0 1 1 1 1 1 1 0 0 1 1 0 1 1 1 1 1 1 1 1 0 0 1 1 1 1 0 1 1 1 
F1_23 	 1 	 1 1 1 1 1 1 1 0 1 1 1 0 1 1 0 1 1 0 1 1 1 1 1 1 1 1 1 0 1 0 1 1 1 1 1 1 1 0 0 1 1 1 1 1 1 1 1 1 1 1 1 1 1 0 1 1 1 1 0 1 1 1 1 1 1 1 1 1 1 1 0 1 1 1 1 0 1 0 1 1 1 1 1 1 1 1 1 1 1 1 1 0 1 1 1 1 1 1 1 1 
F1_24 	 1 	 1 1 1 1 1 0 1 0 1 1 1 1 1 1 1 1 1 0 1 1 1 1 0 1 1 1 1 0 1 0 1 1 1 1 1 1 1 1 1 1 1 1 1 1 1 0 1 1 1 1 1 1 1 1 0 1 1 1 0 0 1 1 1 1 0 1 1 0 1 1 0 1 1 1 0 1 1 0 1 1 1 1 1 0 1 0 1 1 1 0 0 0 1 1 1 1 1 1 1 1 
F1_25 	 1 	 1 0 1 1 1 0 1 0 1 1 1 0 1 1 1 1 0 0 1 1 1 1 1 1 1 1 1 0 1 0 1 1 1 1 1 1 0 1 1 1 1 1 1 1 1 0 1 1 1 1 1 1 1 0 0 1 0 0 1 0 1 1 1 1 1 1 1 1 1 1 1 1 1 1 1 1 1 0 1 1 1 1 1 1 1 1 1 0 1 1 0 0 1 1 1 1 1 1 1 1 
F1_26 	 1 	 1 1 1 1 1 0 1 0 1 1 1 0 1 1 1 1 1 0 1 1 1 1 1 1 1 1 1 0 1 0 1 0 1 1 1 1 1 1 1 1 1 1 1 1 1 1 1 1 1 1 1 1 0 0 0 1 1 1 0 1 1 1 1 1 0 1 0 1 1 1 0 1 1 1 1 1 0 0 0 1 1 1 1 0 1 1 1 1 1 1 1 0 1 1 1 1 1 1 1 1 
F1_27 	 1 	 1 1 1 1 1 0 1 0 1 1 1 0 0 1 1 1 0 0 1 1 1 1 1 1 1 1 1 1 0 1 1 1 1 1 1 1 1 1 1 1 1 0 1 1 1 1 1 0 1 1 1 1 1 1 1 1 1 1 0 0 1 1 1 1 1 1 1 1 1 1 0 0 1 1 1 1 1 0 1 1 1 0 1 1 1 1 1 1 1 1 1 0 1 1 1 1 1 1 1 1 
F1_28 	 1 	 1 1 1 1 1 0 1 0 1 1 1 0 0 1 0 1 0 0 1 1 1 1 0 1 1 1 1 1 0 0 1 1 1 1 1 1 1 0 1 1 1 1 1 1 1 0 1 1 1 0 1 1 1 1 1 1 1 1 0 1 1 1 0 1 0 1 1 1 1 1 1 0 1 1 1 1 1 0 1 1 1 0 1 1 1 1 1 1 1 1 0 0 1 1 1 1 0 0 1 1 
F1_29 	 1 	 1 1 1 1 1 0 1 0 0 1 1 0 1 1 0 1 1 1 1 1 1 1 1 1 1 1 1 0 0 0 1 1 1 1 1 1 1 0 1 1 1 0 1 1 1 1 1 0 1 1 1 1 0 1 1 1 0 1 0 1 1 1 1 1 1 1 1 1 1 1 0 0 1 1 1 1 1 0 1 1 1 1 1 1 1 1 1 1 1 1 0 0 1 1 1 1 1 1 1 1 
F1_30 	 1 	 1 1 1 1 0 0 1 0 1 1 1 0 1 1 1 0 0 1 1 0 1 1 1 1 1 1 1 1 1 0 1 1 1 1 1 1 1 1 1 1 1 1 1 1 1 1 1 1 1 0 1 1 0 1 1 1 0 0 0 0 1 1 1 1 1 1 1 0 0 1 1 0 1 1 1 0 1 0 1 1 1 1 1 1 1 1 1 0 1 1 0 0 1 1 1 1 1 1 1 1 
} 
 
SampleName="PA"
SampleSize= 100 
SampleData= { 
PA1 	 1 	 1 1 1 1 1 0 1 0 0 1 1 0 1 0 0 0 0 0 0 1 1 0 1 1 1 1 1 0 1 1 1 1 1 1 0 0 1 1 0 1 1 0 1 0 1 0 1 1 1 0 1 0 1 0 1 1 1 0 0 0 1 0 0 1 1 0 1 1 0 1 0 0 0 1 0 0 1 0 0 0 0 0 1 1 1 1 1 0 1 0 1 0 1 1 0 1 1 1 1 1 
PA2 	 1 	 1 0 0 1 0 0 1 0 0 1 1 0 1 0 0 0 0 0 0 0 1 0 1 1 1 1 0 0 0 1 0 1 1 1 0 1 1 0 1 1 1 0 1 1 1 0 1 1 1 0 1 0 1 0 0 1 1 1 0 0 1 0 0 1 1 0 1 0 0 1 0 0 0 1 0 0 1 1 0 0 0 0 1 1 1 1 1 0 1 0 0 0 1 1 0 1 1 1 1 1 
PA3 	 1 	 1 1 0 1 0 0 1 0 0 1 1 0 1 1 0 0 0 0 0 0 1 0 1 1 1 1 0 0 1 1 1 1 1 0 0 1 1 0 0 1 1 1 1 0 1 0 1 1 1 0 1 0 0 0 1 1 1 0 0 0 1 0 1 1 0 0 1 1 0 1 0 1 0 1 1 0 1 0 0 0 0 0 1 1 1 1 1 1 1 0 0 0 1 1 0 1 1 1 1 0 
PA4 	 1 	 1 1 1 1 0 0 1 0 0 1 1 0 0 1 0 0 0 0 0 1 1 1 1 1 1 1 0 0 1 0 1 1 1 0 0 1 1 0 0 1 1 0 1 0 0 1 1 1 1 0 1 0 1 0 1 1 0 1 0 1 1 1 1 1 1 1 1 1 0 1 0 1 0 1 1 1 1 0 0 0 0 1 1 1 1 1 1 0 1 0 0 0 1 1 0 1 1 1 1 1 
PA5 	 1 	 1 1 0 1 1 0 1 0 0 1 1 0 0 0 0 0 0 0 0 0 1 0 1 1 1 1 0 0 1 0 1 1 1 1 0 0 1 0 0 1 1 1 1 0 0 1 1 1 1 0 1 0 1 0 1 1 0 0 0 0 1 0 0 1 1 0 1 1 0 1 1 1 0 1 0 0 1 0 0 1 0 0 1 1 1 1 1 1 1 0 0 0 1 1 0 1 1 1 1 1 
PA6 	 1 	 1 0 1 1 0 0 1 0 0 1 1 0 1 1 0 0 0 0 0 1 1 1 1 1 1 1 1 0 1 1 0 0 1 0 0 0 1 0 1 1 1 0 1 0 1 0 1 1 1 0 0 0 1 0 1 1 1 0 0 0 1 0 0 1 1 1 1 1 0 1 1 1 0 1 0 1 1 0 0 0 0 0 1 1 1 0 1 1 1 0 0 0 1 1 0 1 1 1 1 1 
PA7 	 1 	 1 1 0 1 1 0 0 0 0 1 1 0 1 1 0 1 0 0 0 0 1 1 1 1 1 1 1 0 1 1 0 1 1 0 0 1 1 0 0 1 1 1 1 0 1 1 1 1 1 0 1 0 0 0 1 1 1 0 0 0 1 1 0 1 1 0 1 1 0 1 0 0 0 1 1 1 1 0 0 0 0 0 1 0 1 1 1 1 1 0 0 0 1 1 0 1 1 1 1 0 
PA8 	 1 	 1 1 0 1 1 0 1 0 1 1 1 0 1 1 0 1 0 0 0 0 1 0 1 1 1 1 0 0 1 0 1 1 1 1 0 1 1 0 0 1 1 1 1 0 0 1 1 1 1 1 1 0 1 1 1 1 0 0 0 1 1 0 1 1 1 1 1 1 0 1 0 1 0 1 0 0 1 0 0 0 0 0 1 1 1 1 1 1 1 0 1 0 1 1 0 1 1 1 1 1 
PA9 	 1 	 1 0 0 1 1 0 1 0 1 1 1 0 1 1 0 0 0 0 1 1 1 0 0 1 1 1 0 0 1 0 1 1 1 1 1 1 1 0 0 1 1 0 1 0 1 1 1 1 1 0 1 0 1 0 0 1 0 1 0 0 1 0 0 1 1 1 1 1 0 1 0 0 0 1 0 1 1 0 0 0 0 0 1 1 1 0 1 1 1 0 0 0 1 1 0 1 1 1 1 1 
PA10 	 1 	 1 1 0 1 0 0 1 0 0 1 1 0 1 1 0 0 0 0 0 1 1 0 1 1 1 1 0 0 1 0 1 1 0 1 0 0 1 0 0 1 1 0 1 0 0 1 1 1 1 0 1 0 1 0 1 1 0 0 0 0 1 0 0 1 1 0 1 1 0 1 1 0 0 1 0 1 1 0 0 0 0 1 1 1 1 1 1 0 1 0 0 0 1 1 0 1 1 1 0 0 
PA11 	 1 	 1 1 0 1 0 0 1 0 1 1 1 0 1 1 1 0 0 0 0 1 1 0 1 0 1 1 1 0 1 1 1 1 1 1 0 1 1 0 0 1 1 1 1 0 0 0 1 1 1 0 1 0 0 0 0 1 1 1 0 1 1 1 1 1 0 1 1 1 1 1 0 1 0 1 0 1 1 0 0 0 0 0 1 1 1 1 1 0 1 0 0 0 1 1 0 1 1 1 1 0 
PA12 	 1 	 1 1 0 1 0 0 1 0 0 1 1 0 1 1 0 0 0 0 0 0 1 0 1 1 1 1 0 0 1 0 0 1 1 0 0 1 0 0 1 1 1 1 1 0 1 0 1 1 1 1 0 0 1 0 1 1 0 1 0 0 1 1 1 1 0 0 1 0 0 1 0 0 0 1 0 0 1 0 0 0 0 0 1 1 1 1 1 1 1 0 0 0 1 1 0 1 1 1 0 1 
PA13 	 1 	 1 1 1 1 1 0 1 0 1 1 1 0 1 1 0 0 1 0 1 0 1 0 1 1 1 1 0 0 1 0 1 1 1 1 0 1 1 0 0 1 1 1 1 0 0 0 1 1 1 0 1 0 0 0 1 1 0 1 0 0 1 0 1 1 1 0 1 1 0 1 1 1 0 1 1 1 1 0 0 0 0 0 1 1 1 1 1 0 1 0 0 0 1 1 0 1 1 0 1 1 
PA14 	 1 	 1 1 1 1 0 0 1 0 1 1 1 0 1 1 0 0 0 0 0 1 1 0 1 1 1 1 1 0 1 1 1 1 1 1 0 1 1 0 0 1 1 1 1 0 0 1 1 0 1 0 1 0 1 0 1 1 1 0 0 0 1 0 0 1 0 0 1 1 0 1 1 1 0 1 1 0 1 0 0 1 0 0 1 1 1 0 1 1 1 0 0 0 1 1 0 1 1 1 1 1 
PA15 	 1 	 1 0 0 1 1 1 1 0 0 1 1 0 1 1 0 0 1 0 0 1 1 0 1 1 1 1 0 0 1 0 1 1 1 1 0 1 1 0 0 1 1 0 1 1 1 0 1 1 1 0 1 0 1 1 1 1 1 0 0 1 1 0 1 1 1 1 1 1 0 1 0 1 1 1 0 0 1 0 0 1 0 0 1 1 1 0 1 1 1 0 0 0 1 1 0 1 1 0 1 1 
PA16 	 1 	 1 0 1 1 1 0 1 0 1 1 1 0 1 1 0 0 0 0 0 0 1 0 1 1 1 0 1 0 0 0 1 1 1 0 0 1 1 1 0 1 1 0 1 0 0 1 1 1 1 0 0 0 1 0 1 1 1 0 0 1 1 0 0 1 0 1 1 1 0 1 0 1 0 1 0 0 1 0 0 0 0 1 1 1 1 0 1 0 1 0 0 0 1 1 0 1 1 1 1 1 
PA17 	 1 	 1 0 1 1 0 0 1 0 1 1 1 1 0 1 0 0 0 0 0 1 1 0 1 0 1 1 0 0 1 0 1 1 1 1 0 1 0 0 0 1 1 1 1 0 0 1 1 1 1 0 1 0 1 1 0 1 0 1 0 1 1 0 1 1 0 0 1 1 0 1 0 1 0 1 0 0 1 0 0 0 0 0 1 1 1 1 1 1 1 0 0 0 1 1 0 1 0 1 0 1 
PA18 	 1 	 1 1 1 1 1 0 1 0 0 1 1 0 1 1 0 0 0 0 0 1 1 1 1 1 1 1 0 0 1 0 1 1 1 0 0 1 1 0 0 1 1 0 1 1 1 0 1 1 1 0 0 0 1 0 1 1 0 0 0 0 1 0 0 1 1 1 1 1 0 1 0 1 0 1 1 0 1 0 0 0 0 0 1 1 1 0 1 1 1 0 0 0 1 1 0 1 1 1 1 1 
PA19 	 1 	 1 1 0 1 0 0 1 0 0 1 1 0 0 1 0 0 0 0 0 1 1 1 1 1 1 1 1 0 1 1 1 1 1 1 0 1 1 0 0 1 1 0 1 0 1 0 1 1 1 0 1 0 1 0 0 1 1 1 0 0 1 0 1 1 1 1 1 1 0 1 0 1 0 1 0 1 1 0 0 0 0 0 1 1 1 1 1 1 1 0 0 0 1 1 0 1 1 1 1 1 
PA20 	 1 	 1 1 0 1 0 0 0 0 1 1 1 1 0 1 0 0 1 0 0 1 1 0 1 1 1 1 1 0 1 0 1 1 1 0 0 0 1 0 1 1 1 1 1 0 1 0 1 1 1 0 0 0 1 0 0 1 1 0 0 0 1 0 1 1 1 0 1 1 0 1 0 0 0 0 1 0 1 0 0 0 0 0 1 1 1 0 1 1 1 0 0 0 1 1 0 1 1 1 1 1 
PA21 	 1 	 1 1 1 1 0 0 1 0 1 1 1 0 0 0 0 0 0 0 0 1 1 0 1 1 1 1 0 0 0 0 1 1 1 0 0 1 1 0 0 1 1 0 1 0 0 0 1 1 1 0 1 0 1 0 1 1 0 1 0 0 1 0 0 0 1 1 1 0 0 1 1 1 0 1 0 0 0 0 0 0 0 1 1 1 1 1 1 0 1 0 0 0 1 1 0 1 1 1 1 0 
PA22 	 1 	 1 1 0 1 1 0 1 0 0 1 1 0 1 1 0 0 0 0 0 1 1 0 1 1 1 1 0 0 1 0 1 1 1 1 0 0 1 0 0 1 1 0 1 0 1 0 1 1 1 0 1 0 1 0 1 1 1 1 0 0 1 0 1 1 1 0 1 1 0 1 1 1 0 1 0 0 1 1 0 0 0 1 1 1 1 1 1 0 1 0 0 0 1 1 0 1 1 1 1 1 
PA23 	 1 	 1 1 0 1 0 0 1 0 0 1 1 0 1 1 1 0 0 0 0 0 1 0 1 1 1 1 0 0 1 1 1 1 1 1 0 1 1 0 1 1 1 0 1 0 1 0 1 1 1 0 1 0 1 0 1 1 1 1 0 0 1 0 0 1 1 1 1 1 0 1 0 1 0 1 0 0 0 0 0 0 0 0 1 1 1 0 1 1 1 0 0 0 1 1 0 1 1 1 1 1 
PA24 	 1 	 1 0 0 1 1 1 1 0 0 1 1 0 1 1 0 0 0 0 0 1 1 0 0 1 1 1 0 0 0 1 1 1 1 0 0 1 0 0 0 1 1 0 1 0 1 1 1 1 1 0 1 0 1 0 1 1 1 1 0 1 1 1 0 1 0 1 1 1 0 1 0 0 0 0 1 1 1 0 0 0 0 1 1 1 1 1 1 1 1 0 0 0 1 1 0 1 1 1 1 1 
PA25 	 1 	 1 1 1 1 0 0 1 0 0 1 1 0 1 1 0 0 0 0 0 1 1 0 1 0 1 1 1 0 0 0 1 1 1 0 0 1 1 0 0 1 1 0 1 0 1 1 1 1 1 0 1 0 0 0 0 1 1 0 0 0 1 0 0 1 1 1 1 1 0 1 0 1 0 1 1 0 1 0 0 0 0 1 1 1 1 0 1 1 1 0 0 0 1 1 0 1 1 1 1 1 
PA26 	 1 	 1 0 0 1 1 0 1 0 0 1 1 0 1 1 0 0 0 1 0 1 1 0 1 0 1 1 0 0 1 1 0 1 1 1 0 1 1 0 1 1 1 1 1 0 1 0 1 1 1 1 0 0 1 0 1 1 0 0 0 0 1 0 0 1 0 1 1 1 0 1 0 1 0 1 0 0 1 0 0 0 0 0 1 0 1 1 1 1 1 0 0 0 1 1 0 1 1 1 1 1 
PA27 	 1 	 1 0 0 1 1 0 1 0 1 1 1 0 1 1 0 0 1 0 0 0 1 0 1 1 1 1 1 0 1 1 1 0 1 0 0 1 1 0 0 1 1 1 1 0 0 1 1 1 1 1 1 0 0 0 0 1 1 1 0 1 1 1 0 1 1 0 1 1 0 1 1 0 0 0 0 0 1 0 0 0 0 0 1 1 1 1 1 1 1 0 0 0 1 1 0 1 1 1 1 1 
PA28 	 1 	 1 1 1 1 1 0 1 0 0 1 1 0 1 1 0 0 0 0 0 1 1 0 1 1 1 1 1 0 1 1 1 1 1 0 0 1 1 0 0 1 1 1 1 0 1 0 1 1 1 1 1 0 1 0 1 1 0 1 0 0 1 1 0 1 0 1 1 1 1 1 0 1 0 1 0 0 1 0 0 0 0 0 1 1 1 1 1 1 1 0 0 0 1 1 0 1 1 1 1 1 
PA29 	 1 	 1 1 0 1 0 0 1 0 1 1 1 0 0 1 0 0 0 0 0 1 1 0 1 1 1 1 0 0 0 1 1 1 1 1 0 1 1 0 0 1 1 0 1 0 0 0 1 1 1 0 1 0 0 0 1 1 1 0 0 0 1 0 1 1 1 0 1 1 0 1 0 0 0 1 1 1 1 0 0 0 0 0 1 1 1 1 1 0 1 0 0 0 1 1 0 1 1 1 1 0 
PA30 	 1 	 1 1 1 1 1 1 0 0 1 1 1 0 1 0 0 0 0 0 0 0 1 0 1 1 1 1 0 0 1 0 1 1 1 1 0 1 1 1 0 1 1 0 1 0 1 0 1 1 1 0 0 0 1 0 0 1 1 0 0 0 1 0 1 1 0 1 1 1 0 1 0 1 1 1 0 1 1 0 0 1 0 0 1 1 1 1 1 0 1 0 0 0 1 1 0 1 1 1 1 1 
PA31 	 1 	 1 1 1 1 0 0 1 0 0 1 1 0 1 0 0 0 0 0 0 1 1 0 0 1 1 1 0 0 1 1 0 1 1 1 0 1 1 0 1 1 1 0 1 0 0 1 1 1 1 0 0 0 0 0 0 1 1 0 0 0 1 0 1 1 1 0 1 1 0 1 0 1 0 1 0 0 1 0 0 0 0 0 1 1 1 1 1 0 1 0 0 0 1 1 0 1 1 1 1 1 
PA32 	 1 	 1 0 1 1 0 0 1 0 0 1 1 0 1 1 0 0 1 1 0 1 1 0 0 1 1 1 0 0 1 0 1 1 1 1 0 1 1 0 0 1 1 1 1 0 0 1 1 1 1 0 1 0 1 0 0 1 1 0 0 0 1 0 0 1 1 0 1 1 0 1 0 0 0 1 0 0 1 0 0 1 0 0 1 1 1 0 1 1 1 0 0 0 1 1 0 1 1 1 1 1 
PA33 	 1 	 1 1 1 1 0 0 1 0 1 1 1 0 1 1 0 0 0 0 0 1 1 0 0 1 1 1 1 0 1 0 0 1 1 0 0 1 1 0 0 1 1 0 1 0 0 1 1 1 1 0 1 0 1 0 0 1 1 1 0 1 1 1 0 1 1 0 1 1 0 1 0 0 0 1 1 0 1 0 0 0 0 0 1 1 1 1 1 0 1 0 0 0 1 1 0 1 1 1 1 1 
PA34 	 1 	 1 1 1 1 0 1 1 0 1 1 1 1 1 1 0 0 0 0 0 0 1 0 0 1 1 1 0 0 1 1 1 1 1 1 0 1 1 0 0 1 1 1 1 0 0 0 1 1 1 1 1 0 0 0 1 1 0 1 0 0 1 0 0 1 1 1 1 1 0 1 0 1 0 1 0 0 1 0 0 0 0 0 1 1 1 1 1 0 1 0 0 0 1 1 0 1 1 1 1 1 
PA35 	 1 	 1 1 0 1 0 0 1 0 1 1 1 0 1 0 0 0 1 0 0 1 1 0 1 1 1 1 0 0 1 1 1 1 1 0 1 1 1 0 0 1 1 0 1 0 0 1 1 1 1 0 1 0 0 0 1 1 0 0 0 0 1 0 0 1 0 1 1 1 0 1 0 0 0 1 0 0 1 0 0 0 0 0 1 1 1 1 1 1 1 0 0 0 1 1 0 1 1 1 1 1 
PA36 	 1 	 1 0 0 1 0 0 1 0 1 1 1 0 1 1 0 0 0 0 0 0 1 0 1 1 1 1 0 0 1 1 1 1 1 0 0 1 1 0 0 1 0 0 1 0 1 0 1 1 1 1 1 0 0 0 1 1 1 0 0 0 1 0 0 0 1 1 1 1 0 1 0 1 0 1 0 1 1 0 0 1 0 0 1 1 1 1 1 1 1 0 0 0 1 1 0 1 0 1 1 0 
PA37 	 1 	 1 1 1 1 1 0 1 0 0 1 1 0 1 1 0 0 1 1 1 1 1 0 1 1 1 1 1 0 1 1 1 1 1 1 1 1 1 0 0 1 1 0 1 0 0 1 1 1 1 0 1 0 0 0 1 1 0 1 0 0 1 0 1 1 0 0 1 1 0 1 1 1 0 1 0 1 1 0 0 0 0 1 1 1 1 1 1 0 1 0 1 0 1 1 0 1 1 1 1 1 
PA38 	 1 	 1 1 0 1 0 0 1 0 0 1 1 0 1 1 0 0 0 0 1 1 1 1 0 1 1 1 0 0 1 1 0 1 1 1 0 1 1 0 0 1 1 1 1 0 0 1 1 1 1 0 0 0 1 1 1 1 0 1 0 0 1 1 1 1 0 1 1 1 0 1 1 0 0 1 0 0 1 0 0 0 0 0 1 1 1 1 1 1 1 0 0 0 1 1 0 1 1 1 1 1 
PA39 	 1 	 1 0 0 1 1 0 1 0 1 1 1 0 1 1 0 0 0 1 0 1 1 0 0 1 1 1 0 0 0 0 1 1 1 0 0 1 1 1 0 1 1 0 1 0 0 1 1 1 1 0 1 0 0 0 1 1 0 0 0 0 1 0 1 1 1 1 1 1 0 1 0 0 0 1 1 0 1 0 0 0 0 0 1 1 0 1 1 1 1 0 0 0 1 1 0 1 1 1 1 1 
PA40 	 1 	 1 0 1 1 0 0 1 0 0 1 1 0 1 1 0 0 0 0 0 1 1 0 0 1 1 1 1 0 1 1 1 1 1 1 0 1 1 0 0 1 1 1 1 0 0 1 1 0 1 0 0 0 1 0 1 1 0 0 0 0 1 0 1 1 1 1 1 1 0 1 0 1 0 1 0 0 1 0 0 0 0 0 1 1 1 0 1 1 1 0 0 0 1 1 0 1 1 1 1 1 
PA41 	 1 	 1 1 1 1 0 0 1 0 0 1 1 0 1 1 0 0 1 0 0 1 1 1 1 0 1 1 0 0 1 1 0 1 1 1 0 1 1 0 0 1 1 1 1 0 0 1 1 1 1 0 0 0 0 1 1 1 0 1 0 0 1 0 0 1 1 1 1 1 0 1 0 1 0 1 1 1 1 0 0 0 0 0 1 1 1 1 1 0 1 0 0 0 1 1 0 1 1 1 1 1 
PA42 	 1 	 1 1 1 1 1 0 1 0 0 1 1 0 1 1 0 0 0 0 0 1 1 1 1 1 1 1 1 0 1 0 0 1 1 1 0 1 1 0 0 1 1 0 0 0 0 1 1 0 1 0 1 0 1 0 0 1 1 0 0 0 1 0 1 1 1 0 1 1 0 1 1 0 1 1 0 1 1 0 0 0 0 1 1 1 1 1 1 0 1 0 0 0 1 1 0 1 1 1 1 1 
PA43 	 1 	 1 0 0 1 1 0 0 0 0 1 1 0 1 1 0 0 1 0 0 1 1 0 1 1 1 1 0 0 1 0 1 1 1 1 0 1 1 0 0 1 1 1 1 1 0 0 1 1 1 0 1 0 0 0 1 1 1 1 0 0 1 1 1 1 1 1 1 1 0 1 0 1 0 1 0 0 1 0 0 0 0 0 1 1 1 0 1 0 1 0 0 0 1 1 0 1 1 0 1 1 
PA44 	 1 	 1 0 0 1 0 0 1 0 1 1 1 0 1 1 0 0 1 0 0 1 1 0 1 1 1 1 0 0 1 0 1 1 1 1 0 1 1 0 1 1 1 0 1 1 1 1 1 0 1 1 0 0 1 0 0 1 1 1 0 0 1 0 0 1 0 1 1 1 0 1 0 0 0 1 0 0 1 0 0 0 0 1 1 1 1 1 1 1 1 0 0 0 1 1 0 1 1 1 1 1 
PA45 	 1 	 1 1 1 1 0 0 1 0 0 1 1 0 0 1 0 0 1 0 0 1 1 0 1 1 1 1 0 0 1 1 1 1 1 1 0 1 1 0 0 1 1 1 1 0 1 0 1 1 1 0 1 0 1 0 0 1 0 1 0 0 1 0 0 1 1 0 1 1 0 1 0 0 0 1 0 0 1 0 0 0 0 0 1 1 1 1 1 1 1 0 0 0 1 1 0 1 0 1 1 1 
PA46 	 1 	 1 0 0 1 0 0 0 0 0 1 1 0 0 1 0 0 0 0 1 1 1 0 1 1 1 1 0 0 1 0 0 1 1 1 0 0 1 0 0 1 1 1 1 0 0 1 1 1 1 0 1 0 1 0 1 1 1 1 0 0 1 0 0 1 1 1 1 1 0 1 0 0 0 1 0 0 1 0 0 1 0 0 1 1 1 1 1 0 1 0 0 0 1 1 0 1 1 1 1 1 
PA47 	 1 	 1 1 1 1 0 0 1 0 0 1 1 0 1 1 0 0 1 1 1 1 1 0 1 1 1 1 0 0 0 0 1 1 1 1 0 1 1 0 0 1 1 0 1 0 0 1 1 1 1 0 1 0 0 0 1 1 0 1 0 0 1 0 0 1 1 1 1 1 0 1 1 0 0 1 0 1 1 0 0 0 0 0 1 1 1 1 1 0 1 0 0 0 1 1 0 1 0 1 1 1 
PA48 	 1 	 1 1 1 1 0 0 1 0 1 1 1 0 1 1 0 0 0 0 0 0 1 0 1 1 1 1 0 0 1 1 1 1 1 1 0 1 1 0 0 1 1 1 1 0 0 1 1 1 1 0 1 0 1 0 1 1 1 1 0 0 1 1 0 1 0 1 1 1 1 1 0 0 0 1 1 1 1 0 0 0 0 1 1 1 1 1 1 1 1 0 1 0 1 1 0 1 1 1 1 0 
PA49 	 1 	 1 0 0 1 1 0 1 0 0 1 1 0 0 1 0 0 1 0 0 0 1 1 1 0 1 0 1 0 1 0 1 1 1 1 0 1 1 0 0 1 1 1 1 0 1 0 1 1 1 1 1 0 1 0 1 1 0 1 0 0 1 1 1 1 1 0 1 0 0 1 0 0 0 1 0 1 1 0 0 0 0 1 1 1 1 1 1 1 1 0 0 0 1 1 0 1 1 1 1 1 
PA50 	 1 	 1 1 1 1 0 0 1 0 0 1 1 0 1 1 0 0 0 0 0 1 1 0 1 1 1 1 0 0 0 1 1 1 1 1 0 1 1 0 1 1 1 1 1 0 1 0 1 1 1 0 1 0 1 0 1 1 1 1 0 0 1 0 1 1 1 1 1 1 0 1 0 0 0 1 1 1 1 0 0 0 0 0 1 1 1 1 1 0 1 0 0 0 1 1 0 1 1 1 1 1 
PA51 	 1 	 1 0 0 1 0 0 1 0 0 1 1 0 1 1 0 0 0 0 0 0 1 0 1 1 1 1 1 0 1 1 1 1 1 1 0 1 1 0 1 1 1 0 1 0 0 1 1 1 1 0 1 0 1 1 1 1 1 0 0 0 1 0 1 1 0 1 1 1 0 1 1 1 0 1 0 1 1 0 0 0 0 0 1 1 1 0 1 1 1 0 0 0 1 1 0 1 1 1 1 1 
PA52 	 1 	 1 1 0 1 1 0 1 0 1 1 1 0 1 1 0 0 0 1 0 0 1 0 1 1 1 1 0 0 1 1 1 1 1 1 0 1 1 0 0 1 1 0 1 0 0 0 1 1 1 0 1 0 1 0 1 1 0 0 0 1 1 0 1 1 1 1 1 1 0 1 1 0 0 1 0 1 1 0 0 0 0 0 1 1 1 0 1 0 1 0 0 0 1 1 0 1 1 1 1 1 
PA53 	 1 	 1 0 0 1 1 0 1 0 0 1 1 0 1 1 0 1 0 0 0 1 1 1 1 0 1 1 0 0 1 0 1 1 1 0 0 1 1 0 0 1 1 0 1 0 1 0 1 1 1 0 1 0 1 0 0 1 0 1 0 0 1 0 0 1 1 1 0 1 0 1 0 0 0 1 0 0 1 0 0 1 0 0 1 1 1 1 1 1 1 0 0 0 1 1 0 1 0 1 1 0 
PA54 	 1 	 1 1 1 1 1 0 1 0 1 1 1 0 1 0 0 1 0 0 0 1 1 0 1 0 1 1 0 0 0 0 0 1 1 1 0 1 1 1 0 0 1 0 0 0 0 0 1 1 1 0 1 0 1 0 1 1 0 0 0 0 1 0 0 1 0 1 1 0 0 1 0 0 0 1 0 1 1 1 0 0 0 1 1 1 1 1 1 1 1 0 0 0 1 1 0 1 1 1 1 1 
PA55 	 1 	 1 1 0 1 0 0 0 0 0 1 1 0 1 1 0 0 0 0 1 1 1 0 1 1 1 1 0 0 1 1 0 1 1 1 0 1 1 0 0 1 1 0 1 0 0 1 1 1 1 0 1 0 1 0 1 1 0 1 0 1 1 0 0 1 1 1 1 1 0 1 0 0 0 1 0 0 1 0 0 0 0 0 1 1 1 1 1 1 1 0 0 0 1 1 0 1 1 1 1 1 
PA56 	 1 	 1 1 0 1 0 0 1 0 0 1 1 0 1 1 0 0 1 1 0 1 1 1 1 1 1 1 1 0 0 0 1 1 1 1 1 1 0 0 1 1 1 0 1 0 0 1 1 1 1 0 1 0 1 0 1 1 1 1 0 0 1 0 1 1 1 0 1 1 0 1 0 0 1 1 1 0 1 0 0 1 0 0 1 1 1 0 1 1 1 0 0 0 1 1 0 1 1 1 1 1 
PA57 	 1 	 1 1 0 1 0 0 1 0 0 1 1 0 1 1 0 0 0 0 0 1 1 0 0 1 1 1 1 0 1 0 0 1 1 0 0 1 1 0 0 1 1 0 1 0 1 1 1 1 1 0 1 0 0 0 1 1 1 0 0 0 1 0 0 1 1 0 1 0 0 1 1 1 0 1 1 0 1 0 0 0 0 0 1 1 1 1 1 1 1 0 0 0 1 1 0 1 1 1 1 1 
PA58 	 1 	 1 1 0 1 0 0 1 0 1 1 1 0 1 0 0 0 1 0 0 1 1 0 0 1 1 1 0 0 1 0 1 1 1 1 0 0 1 0 0 1 1 1 1 0 1 1 1 1 1 0 1 0 1 0 1 1 0 0 0 0 1 0 0 1 0 0 1 0 0 1 0 1 0 1 0 0 1 0 0 0 0 0 1 1 1 1 1 1 1 0 0 0 1 1 0 1 1 1 1 1 
PA59 	 1 	 1 0 1 1 1 0 1 0 1 1 1 0 1 0 0 0 0 0 1 1 1 1 1 1 1 1 1 0 1 1 1 1 1 1 0 1 1 1 0 1 1 0 1 0 0 0 1 1 1 0 0 0 1 0 1 1 0 1 0 0 1 0 1 1 1 1 1 0 0 1 0 0 0 1 1 0 1 0 0 0 0 0 1 1 1 1 1 0 1 0 0 0 1 1 0 1 1 1 1 1 
PA60 	 1 	 1 1 0 1 0 0 1 0 0 1 1 0 1 1 0 0 0 0 0 0 1 0 1 1 1 1 0 0 0 0 1 1 1 1 0 1 1 0 1 1 1 0 1 0 0 1 1 1 1 0 1 0 1 0 1 1 0 1 0 1 1 0 1 1 1 1 1 0 0 1 1 0 0 1 1 1 1 0 0 1 0 0 1 1 1 1 1 0 1 0 0 0 1 1 0 1 1 1 1 1 
PA61 	 1 	 1 0 1 1 0 0 1 0 0 1 1 0 1 0 0 0 0 0 1 1 1 1 0 1 1 1 0 0 1 0 1 1 1 1 0 1 1 0 0 1 1 0 1 0 1 0 1 1 1 1 1 0 0 0 1 1 1 1 0 1 1 0 0 1 1 1 1 1 0 1 0 1 0 1 1 1 1 0 0 0 0 0 1 1 1 0 1 1 1 0 0 0 1 1 0 1 1 1 1 1 
PA62 	 1 	 1 0 0 1 0 0 1 0 0 1 1 0 0 1 0 1 0 0 0 1 1 1 1 1 1 1 0 0 0 1 0 1 1 1 0 1 1 0 0 1 1 0 1 0 1 1 1 1 1 0 1 0 1 0 0 1 0 0 0 0 1 0 0 1 0 1 1 1 0 1 1 1 0 1 0 1 1 1 0 0 0 0 1 1 1 0 1 0 1 0 0 0 1 1 0 1 1 1 1 1 
PA63 	 1 	 1 1 0 1 1 0 1 0 0 1 1 1 1 1 1 0 0 0 0 1 1 0 1 0 1 1 1 0 1 0 1 1 1 1 1 1 1 0 0 1 1 0 1 0 0 1 1 1 1 0 1 0 1 0 1 0 1 1 0 1 1 0 1 1 0 1 1 1 0 1 0 1 0 1 0 1 1 0 0 0 0 0 1 1 1 1 1 0 1 0 0 0 1 1 0 1 1 1 1 1 
PA64 	 1 	 1 0 1 1 0 1 0 0 0 1 1 0 1 1 0 0 0 0 0 1 1 1 1 1 1 1 1 0 1 0 1 1 1 0 0 1 1 0 0 1 1 1 1 0 0 0 1 1 1 0 0 0 0 1 1 1 0 1 0 1 1 1 1 1 1 0 1 1 0 1 1 0 0 1 0 1 1 0 0 0 0 0 1 1 1 1 1 1 1 0 0 0 0 1 0 1 1 1 1 0 
PA65 	 1 	 1 0 0 1 1 0 1 0 0 1 1 0 1 1 1 0 0 1 0 0 1 0 1 1 1 1 1 0 1 1 1 1 1 1 0 1 1 0 0 1 1 0 1 0 0 1 1 1 1 0 1 0 1 0 1 1 0 1 0 1 1 0 0 1 1 1 1 1 0 1 0 1 0 1 0 0 1 0 0 0 0 1 1 1 1 0 1 1 1 0 0 0 1 1 0 1 1 1 1 1 
PA66 	 1 	 1 0 1 1 1 0 1 0 0 1 1 0 1 0 0 0 0 0 0 1 1 0 0 1 1 1 1 0 1 0 0 1 1 1 0 1 1 0 0 1 1 0 1 0 1 1 1 1 1 0 1 0 1 0 0 1 0 0 0 1 1 0 0 1 0 1 1 1 0 1 0 0 0 1 0 0 1 0 0 0 0 0 1 1 1 1 1 0 1 0 0 0 1 1 0 1 1 1 1 1 
PA67 	 1 	 1 1 0 1 0 0 1 0 0 1 1 0 1 1 0 1 0 0 1 0 1 0 0 1 1 0 0 1 1 1 1 1 1 1 0 1 1 0 0 1 1 1 1 0 1 0 1 1 1 0 1 0 0 0 0 1 1 0 0 0 0 1 1 1 1 1 1 1 0 1 1 1 0 1 0 1 1 0 0 0 0 0 1 1 1 1 1 0 1 0 0 0 1 1 0 1 1 1 1 1 
PA68 	 1 	 1 1 0 1 0 0 1 0 0 1 1 0 1 0 0 0 1 0 0 1 1 0 0 1 1 1 0 0 1 0 0 1 1 1 0 0 1 0 1 1 1 0 0 0 1 1 1 1 1 0 1 0 1 0 1 1 1 0 0 1 1 0 0 1 1 1 1 1 0 1 0 0 0 1 1 1 1 0 0 0 0 0 1 1 1 1 1 0 1 0 0 0 1 1 0 1 1 1 1 1 
PA69 	 1 	 1 0 0 1 1 0 1 0 0 1 1 0 0 1 1 1 0 0 0 0 1 0 0 1 1 1 1 0 1 1 1 1 1 1 0 1 1 0 0 1 1 0 1 0 0 1 1 1 1 0 1 0 1 0 0 1 1 1 0 1 1 0 1 1 1 1 1 1 0 1 1 0 0 1 0 1 1 0 0 0 0 0 1 1 1 1 1 1 1 0 0 0 1 1 0 0 1 1 1 1 
PA70 	 1 	 1 1 0 1 0 1 1 1 0 1 1 0 0 1 0 1 0 0 0 0 1 0 1 0 1 1 0 0 1 1 1 1 1 1 0 1 1 0 0 1 1 0 1 0 0 0 1 0 1 0 1 0 1 1 1 1 0 0 0 1 1 0 1 1 0 1 1 1 0 1 0 1 0 1 0 1 1 0 0 0 0 1 1 1 1 0 1 1 1 0 1 0 1 1 0 1 1 1 1 1 
PA71 	 1 	 1 1 1 1 1 1 1 0 1 1 1 0 0 1 0 1 0 0 0 0 1 1 0 1 1 1 1 0 1 0 1 1 1 1 0 1 1 0 0 1 1 0 1 0 0 0 1 1 1 1 1 0 1 0 1 1 0 0 0 0 1 1 0 1 1 1 1 1 0 1 0 1 0 1 0 1 1 0 0 0 0 0 1 1 1 0 1 1 1 0 0 0 1 1 0 1 1 1 1 1 
PA72 	 1 	 1 1 0 1 1 0 1 0 1 1 1 0 1 1 0 0 0 0 0 0 1 0 1 1 1 1 0 0 1 0 1 1 1 1 0 1 1 0 0 1 1 0 1 0 0 0 1 1 1 1 1 0 1 0 1 1 1 0 0 0 1 0 0 1 1 1 1 1 0 1 1 1 0 1 0 0 1 0 0 0 0 1 1 1 1 1 1 1 1 0 0 0 1 1 0 1 1 1 1 1 
PA73 	 1 	 1 0 0 1 0 0 1 0 0 1 1 0 1 1 0 0 1 0 0 1 1 0 1 1 1 1 0 0 1 0 1 1 1 0 0 1 1 1 1 1 1 1 0 0 0 1 1 1 1 0 1 0 1 0 1 1 1 1 0 0 1 0 1 1 1 1 1 0 0 1 0 1 0 1 1 0 1 0 0 0 0 0 1 1 1 0 1 1 1 0 0 0 1 1 0 1 1 0 1 1 
PA74 	 1 	 1 1 0 1 0 0 1 0 1 1 1 0 1 1 1 0 0 0 0 0 1 0 0 0 1 1 0 0 1 0 1 1 1 1 0 1 0 0 0 1 1 0 1 0 0 1 1 1 1 0 1 0 1 1 0 1 0 1 0 0 1 0 0 1 0 1 1 1 0 1 0 0 0 1 1 1 1 0 0 0 0 0 1 1 1 1 1 0 1 0 0 0 1 1 0 1 1 1 1 1 
PA75 	 1 	 1 1 0 1 0 0 1 0 0 1 1 1 1 1 1 1 0 0 0 0 1 0 1 1 1 1 1 0 1 1 1 1 1 1 0 1 1 0 0 1 1 0 1 0 0 0 1 1 1 0 1 0 1 0 1 1 0 1 0 0 1 1 0 1 1 1 1 1 0 1 0 0 0 1 0 1 1 0 0 1 0 0 1 1 1 1 1 1 1 0 0 0 1 1 0 1 0 1 1 1 
PA76 	 1 	 1 1 0 1 0 0 1 0 0 1 1 0 1 0 0 0 0 0 0 1 1 0 1 1 1 1 0 0 1 1 1 1 1 1 0 1 1 0 0 1 1 0 1 0 1 0 1 1 1 0 1 0 1 0 0 1 1 1 0 1 1 0 1 1 1 1 1 1 0 1 0 1 0 1 0 0 1 0 1 0 0 1 1 1 1 0 1 0 1 0 0 0 1 1 0 1 1 1 0 1 
PA77 	 1 	 1 1 1 1 0 0 1 0 0 1 1 0 1 1 0 0 0 0 0 0 1 1 1 1 1 1 0 0 1 0 1 1 1 1 0 1 1 0 0 1 1 1 0 0 0 0 1 1 1 1 0 0 1 0 0 1 1 0 0 0 1 1 0 1 1 1 1 1 0 1 0 0 1 1 0 1 1 0 0 0 0 0 0 0 1 1 1 0 1 0 0 0 1 1 0 1 1 1 1 1 
PA78 	 1 	 1 1 1 1 0 1 1 0 0 1 1 0 1 1 0 0 0 0 1 1 1 0 0 1 1 1 0 0 1 0 1 1 1 1 0 1 1 0 1 1 1 0 1 0 0 1 1 1 1 0 1 0 1 0 0 1 0 1 0 0 1 0 1 1 1 1 1 1 0 1 1 0 0 1 1 1 1 0 0 0 0 0 1 1 1 1 1 1 1 0 0 0 1 1 0 1 0 1 1 1 
PA79 	 1 	 1 1 0 1 0 0 1 0 0 1 1 0 0 1 1 0 0 0 1 1 1 0 0 1 1 1 0 0 1 0 1 1 1 1 0 1 1 1 1 1 1 0 1 0 1 1 1 1 1 0 1 0 1 1 1 1 0 0 0 1 1 0 1 1 1 1 1 1 0 1 0 1 0 1 0 0 1 0 0 0 0 0 1 1 1 1 1 0 1 0 1 0 1 1 0 1 1 1 1 1 
PA80 	 1 	 0 1 0 1 0 1 1 0 1 1 1 0 1 1 0 0 1 0 0 1 1 1 1 1 1 1 1 0 0 0 1 1 1 1 0 1 1 0 1 1 1 1 1 0 0 1 1 0 1 0 0 0 1 0 0 1 0 1 0 0 1 1 1 1 1 1 1 1 0 1 1 0 0 1 1 1 1 0 0 0 0 0 1 1 1 1 1 1 1 0 0 0 1 1 0 1 1 1 1 1 
PA81 	 1 	 1 1 0 1 0 0 1 0 0 1 1 0 1 1 0 0 0 0 0 0 1 0 1 1 1 1 1 0 1 0 1 1 1 1 0 1 1 0 0 1 1 0 1 0 0 0 1 1 1 0 1 0 1 1 1 1 0 0 0 0 1 0 0 1 1 1 1 1 0 1 0 0 0 1 0 0 1 0 0 0 0 0 1 1 1 0 1 0 1 0 0 0 1 1 0 1 1 1 1 1 
PA82 	 1 	 1 1 0 1 0 0 1 0 0 1 1 0 1 1 1 0 0 0 0 1 1 0 1 1 1 1 1 0 1 1 1 1 1 1 0 1 1 0 0 1 1 1 1 0 0 0 1 0 1 0 1 0 1 0 1 1 1 0 0 0 1 0 1 1 1 1 1 1 0 1 1 0 0 1 1 1 1 0 0 0 0 1 1 1 1 1 1 1 1 0 0 0 1 1 0 1 1 1 1 1 
PA83 	 1 	 1 0 0 1 0 0 1 0 0 1 1 0 1 1 0 0 0 0 0 0 1 0 1 1 1 1 1 0 1 0 1 1 1 1 0 1 1 0 0 1 1 0 0 0 1 1 1 1 1 0 1 0 1 1 1 1 0 0 0 0 1 0 0 1 1 0 1 0 0 1 0 0 0 1 1 1 1 0 0 0 0 0 1 1 1 0 1 1 1 0 0 0 1 1 0 1 1 1 1 1 
PA84 	 1 	 1 0 1 1 0 0 1 0 1 1 1 0 1 1 0 0 0 0 0 0 1 0 0 1 1 1 0 0 1 1 1 1 1 1 0 1 1 0 0 1 1 0 0 0 1 0 1 1 1 1 1 0 0 0 0 1 0 0 0 1 1 0 0 1 1 0 1 1 0 1 0 1 0 1 1 0 1 0 0 0 0 0 1 1 1 0 1 1 1 0 0 0 1 1 0 1 1 1 1 1 
PA85 	 1 	 1 0 0 1 0 0 1 0 0 1 1 0 0 1 0 0 0 0 0 1 1 0 1 1 1 1 1 0 1 1 1 1 1 1 0 1 1 0 0 1 1 1 1 0 1 1 1 1 1 1 1 0 1 0 1 1 1 0 0 0 1 0 0 1 0 1 1 1 0 1 0 1 0 1 1 0 1 0 0 1 0 0 1 1 1 1 1 1 1 0 1 0 1 1 0 1 1 1 1 1 
PA86 	 1 	 1 1 0 1 0 0 1 0 0 1 1 0 1 1 0 0 0 0 0 0 1 0 1 1 1 1 0 0 1 0 1 0 1 0 0 1 1 0 0 1 1 1 0 0 1 1 1 1 1 0 1 0 1 1 1 1 1 0 0 1 1 0 0 1 1 1 1 1 0 1 1 1 0 1 1 1 1 0 0 0 0 0 1 1 1 1 1 1 1 0 0 0 1 1 0 1 1 1 0 1 
PA87 	 1 	 1 0 0 1 0 0 1 0 0 1 1 0 0 1 0 0 0 0 0 1 1 0 0 1 1 1 0 0 0 1 1 1 1 1 0 0 1 0 0 1 1 1 1 0 0 0 1 1 1 0 1 0 1 0 1 1 0 1 0 0 1 1 0 1 1 1 1 0 0 1 1 1 0 1 0 1 1 0 0 0 0 0 1 1 1 1 1 1 1 0 0 0 1 1 0 1 1 1 1 1 
PA88 	 1 	 1 0 0 1 1 0 1 0 0 1 1 0 1 1 0 1 0 0 0 1 1 0 1 0 1 1 1 0 1 0 1 1 1 1 0 1 1 0 0 1 1 1 1 0 0 1 1 1 1 1 0 0 1 0 1 1 0 1 0 0 1 0 1 1 1 1 1 1 0 1 0 0 0 1 0 1 1 0 0 1 0 1 1 1 1 1 1 1 1 0 1 0 1 1 0 1 1 1 1 0 
PA89 	 1 	 1 1 0 1 0 0 1 0 1 1 1 1 1 0 0 0 0 0 0 1 1 0 1 1 1 1 0 0 1 1 1 1 1 1 0 1 1 0 1 1 1 1 1 0 1 0 1 0 1 1 1 0 1 1 0 1 0 1 0 1 1 0 1 1 1 0 1 1 0 1 0 1 0 1 0 0 1 0 0 0 0 1 1 1 1 0 1 1 1 0 1 0 1 1 0 1 1 1 1 1 
PA90 	 1 	 1 0 0 1 0 0 1 0 0 1 1 0 1 1 0 0 0 0 0 0 1 0 1 0 1 1 0 0 1 0 1 1 1 1 0 1 1 0 0 1 1 1 1 0 1 0 1 1 1 0 1 0 1 1 1 1 1 1 0 0 1 1 1 1 1 1 1 1 0 1 0 0 0 1 1 0 1 0 0 0 0 1 1 1 1 0 1 0 1 0 1 0 1 1 0 1 1 1 1 1 
PA91 	 1 	 1 0 0 1 1 0 1 0 1 1 1 0 1 1 0 0 0 0 0 0 1 0 0 1 1 1 1 0 1 0 1 1 1 0 0 1 1 0 0 1 1 1 0 0 0 0 1 1 1 0 1 0 1 1 1 1 1 1 0 0 1 1 1 1 1 1 1 0 0 1 0 1 0 1 0 1 1 0 0 0 0 0 1 1 1 1 1 1 1 0 0 0 1 1 0 1 1 1 1 1 
PA92 	 1 	 1 1 1 1 0 0 1 0 1 1 1 0 0 1 0 0 0 0 0 0 1 1 1 1 1 1 0 0 1 0 1 1 1 0 0 1 1 0 0 1 1 0 1 0 0 1 1 1 1 0 1 0 0 0 1 1 0 1 0 0 1 0 0 1 1 0 1 1 0 1 1 1 0 1 1 1 1 0 0 0 0 0 1 1 1 0 1 1 1 0 0 0 1 1 0 1 1 0 1 1 
PA93 	 1 	 1 1 0 1 1 0 1 0 0 1 1 0 1 1 0 0 0 0 0 0 1 0 1 1 1 1 0 0 1 0 1 1 1 1 0 1 1 1 0 1 1 1 1 0 0 0 1 1 1 0 0 0 1 0 1 1 0 1 0 0 1 0 0 1 1 1 1 1 0 1 1 1 0 1 1 0 1 0 0 0 0 1 1 1 1 1 1 1 1 0 0 0 1 1 0 1 1 1 1 1 
PA94 	 1 	 1 1 0 1 0 0 1 0 0 1 1 0 1 1 0 0 0 0 0 1 1 0 1 1 1 1 1 0 1 0 0 1 1 1 0 1 1 0 0 1 1 0 1 0 0 0 1 1 1 1 1 0 0 1 1 1 0 1 0 1 1 0 1 1 0 1 1 1 0 1 1 1 0 1 1 1 1 0 0 0 0 0 1 1 1 1 1 1 1 0 0 0 1 1 0 1 1 1 0 1 
PA95 	 1 	 1 1 1 1 0 0 1 0 1 1 1 0 0 1 0 1 0 0 0 1 1 1 1 1 1 1 0 0 1 0 1 1 1 1 0 1 1 1 1 1 1 0 1 0 0 0 1 1 1 0 1 0 0 0 1 1 1 0 0 1 1 0 1 1 1 1 1 1 0 1 0 1 0 1 0 1 1 0 0 0 0 1 1 1 1 1 1 1 1 0 0 0 1 1 0 1 1 1 1 1 
PA96 	 1 	 1 1 0 1 0 0 1 0 0 1 1 0 0 1 0 0 0 0 0 1 1 1 1 1 1 1 0 0 1 1 1 1 1 1 0 1 1 0 0 1 1 0 1 0 0 0 1 1 1 0 1 0 1 0 1 1 0 1 0 1 1 0 1 1 0 1 1 1 0 1 0 1 0 1 1 0 1 0 0 0 0 0 1 1 1 1 1 1 1 0 0 0 1 1 0 1 1 1 1 1 
PA97 	 1 	 1 0 0 1 0 0 1 0 1 1 1 0 1 1 0 0 0 0 1 0 1 0 1 1 1 1 1 0 1 0 1 0 1 1 0 1 1 0 0 1 1 1 1 0 1 0 1 1 1 1 1 0 1 0 1 1 1 1 0 0 1 0 1 1 0 1 1 0 0 1 0 0 0 1 1 0 1 0 1 0 0 0 1 1 1 0 1 1 1 0 0 0 1 1 0 1 1 1 1 1 
PA98 	 1 	 1 0 0 1 0 0 1 0 0 1 1 0 1 1 0 0 0 0 0 1 1 0 1 1 1 1 0 0 0 1 0 1 1 1 0 1 1 0 0 1 1 1 1 0 0 0 1 1 1 0 0 0 1 0 1 1 1 0 0 0 1 0 1 1 1 0 1 0 0 1 1 0 1 1 0 1 1 0 0 0 0 0 1 1 1 0 1 0 1 0 0 0 1 1 0 1 1 0 1 1 
PA99 	 1 	 1 1 0 1 0 0 1 0 1 1 1 0 0 1 0 0 0 0 0 1 1 0 1 1 1 1 1 0 1 0 0 1 0 0 0 1 1 0 1 1 1 1 1 0 1 1 1 1 1 0 1 0 1 0 1 1 1 1 0 0 1 0 0 1 1 0 1 0 0 1 1 0 0 1 1 0 1 0 0 1 0 0 1 1 1 0 1 1 1 0 0 0 1 1 0 1 1 1 1 1 
PA100 	 1 	 1 1 0 1 1 0 1 0 0 1 1 0 1 1 0 0 0 0 0 1 1 0 1 1 1 1 0 0 1 0 0 1 0 1 0 1 0 1 0 1 0 1 1 0 0 1 1 1 1 0 1 0 0 0 1 1 0 1 0 1 1 0 0 1 0 0 1 1 0 1 1 1 0 1 0 1 1 0 0 0 0 0 1 1 1 1 1 1 1 0 0 0 1 1 0 1 1 0 1 1 
} 
 
SampleName="PB"
SampleSize= 100 
SampleData= { 
PB1 	 1 	 1 0 1 1 1 0 0 0 1 1 1 0 1 1 1 1 0 1 1 1 1 1 1 1 1 1 1 0 0 0 1 0 0 1 1 1 1 0 1 1 1 1 1 1 0 1 1 0 1 1 1 1 0 0 1 1 0 1 0 1 0 1 0 1 0 1 0 0 1 1 1 0 1 1 1 1 1 0 1 1 1 1 1 0 0 1 1 1 1 0 1 0 1 1 1 1 0 1 1 1 
PB2 	 1 	 1 0 1 0 0 0 1 0 1 0 1 0 1 1 0 0 0 1 1 1 1 1 1 1 1 1 1 0 0 0 1 0 0 1 1 1 1 1 1 1 1 0 1 1 1 0 1 0 1 1 1 1 1 1 0 1 0 1 0 1 0 1 0 1 0 1 0 0 1 0 1 0 1 1 1 0 1 0 0 1 1 0 1 1 1 1 1 1 1 1 1 0 1 1 1 0 0 0 1 1 
PB3 	 1 	 1 1 1 0 0 0 0 0 1 1 1 0 1 1 0 0 0 0 1 1 1 1 1 1 1 1 1 0 0 0 1 0 0 1 1 1 1 1 1 1 1 0 1 1 1 1 1 0 1 0 1 1 1 0 1 0 0 1 0 0 1 1 1 1 0 1 0 0 1 0 0 0 1 1 1 0 1 1 0 1 1 1 1 1 0 1 1 1 1 1 1 0 1 1 1 0 0 1 1 1 
PB4 	 1 	 1 0 1 0 1 0 0 0 1 0 1 0 1 1 0 1 1 0 1 1 1 1 1 1 1 1 1 0 0 0 1 0 0 1 1 1 1 1 1 1 1 1 1 1 1 0 1 0 1 1 1 1 0 1 0 1 0 0 0 0 1 1 0 1 0 1 0 0 1 0 0 0 1 1 1 0 0 0 0 1 1 1 1 0 1 1 1 1 1 1 1 0 1 1 1 1 0 0 1 1 
PB5 	 1 	 1 1 1 0 0 0 0 0 1 1 1 0 0 1 1 1 0 1 1 1 1 1 1 1 1 1 1 0 1 0 1 0 0 1 1 1 0 1 1 1 1 1 1 1 1 1 1 0 1 1 1 1 1 1 0 1 0 0 0 1 0 1 1 0 1 1 0 0 1 0 0 0 1 1 0 1 1 0 0 1 1 1 1 0 1 1 1 1 1 0 1 0 1 0 1 1 0 0 1 1 
PB6 	 1 	 1 0 1 0 1 0 0 0 1 1 1 0 1 1 0 1 1 0 1 1 1 1 0 1 1 1 1 1 1 0 1 0 0 1 1 1 0 0 1 1 1 1 1 1 1 0 1 0 1 1 1 1 1 0 0 1 0 1 0 1 1 1 1 1 0 1 0 0 1 1 0 0 1 1 1 0 1 0 1 1 1 0 1 0 0 1 1 1 1 0 1 0 1 1 1 1 0 0 1 1 
PB7 	 1 	 1 0 1 0 1 0 0 0 1 1 1 0 1 1 1 1 0 0 1 1 1 1 1 1 1 1 1 0 1 0 1 0 0 1 1 1 1 1 1 1 1 1 1 1 1 0 1 0 1 1 1 1 1 0 1 1 0 0 0 0 1 1 1 1 0 1 0 0 1 1 1 0 1 1 1 0 1 0 1 1 1 1 1 0 0 1 1 0 1 1 1 0 1 0 1 1 0 1 1 1 
PB8 	 1 	 1 0 1 0 1 0 0 0 1 0 1 0 0 1 1 1 0 0 1 1 1 1 0 1 1 1 1 0 0 0 1 0 1 1 1 1 0 0 1 1 1 1 1 1 1 1 1 0 1 1 1 1 0 0 0 0 0 0 0 0 0 0 1 1 0 1 0 0 1 0 0 0 1 1 1 0 0 0 1 1 1 1 1 0 1 0 1 1 1 1 1 1 1 1 1 1 1 1 1 1 
PB9 	 1 	 1 1 1 0 0 0 0 1 1 0 1 0 0 1 1 0 1 0 1 1 1 1 1 1 1 1 1 0 1 0 1 0 0 1 1 1 1 1 1 1 1 0 1 1 1 1 1 0 1 1 1 1 0 1 0 1 0 1 0 0 0 1 1 0 0 1 0 0 1 1 0 0 0 1 0 1 1 0 1 1 1 1 1 0 0 1 1 1 1 1 0 0 0 1 1 1 0 1 1 1 
PB10 	 1 	 1 0 1 0 1 0 0 0 1 1 1 0 0 1 1 0 0 0 1 1 1 1 0 1 1 1 1 0 0 0 1 0 0 1 1 1 1 1 1 1 1 1 1 1 1 1 1 0 1 1 1 1 0 1 0 1 0 1 0 0 0 1 1 1 0 1 1 0 1 0 1 0 1 1 0 0 1 0 1 1 1 1 1 0 0 0 1 0 1 1 1 1 1 1 1 1 0 1 1 1 
PB11 	 1 	 1 0 1 0 0 0 1 0 1 1 1 0 0 1 1 1 1 0 1 1 1 1 0 1 1 1 1 0 1 0 1 0 0 1 1 1 1 0 1 1 1 0 1 1 1 1 1 0 1 1 1 1 0 0 0 1 0 1 0 0 1 1 0 1 0 1 0 1 1 0 0 0 1 1 0 1 0 0 1 1 1 0 1 0 0 0 1 1 1 1 1 0 1 1 1 1 0 0 1 1 
PB12 	 1 	 1 1 1 0 0 0 0 0 1 0 1 0 0 1 1 1 1 0 1 1 1 1 1 1 1 1 1 0 0 0 1 0 0 1 1 1 1 0 1 1 1 1 1 1 1 0 1 0 1 1 1 1 0 0 0 0 0 0 0 0 1 1 1 1 0 1 0 0 1 0 0 0 1 1 1 0 1 0 1 1 1 1 1 0 1 1 1 0 1 1 1 0 1 0 1 1 0 1 1 1 
PB13 	 1 	 1 1 1 0 1 0 0 0 1 1 1 0 0 1 0 1 0 0 1 1 1 1 1 1 1 0 1 0 0 0 1 0 1 1 1 1 1 0 1 1 1 0 1 1 1 0 1 0 1 1 1 1 1 0 0 1 0 1 1 0 0 1 0 1 0 1 0 0 1 0 1 0 1 1 1 1 1 0 1 1 1 0 1 0 1 0 1 1 1 1 1 1 1 0 1 1 0 1 1 1 
PB14 	 1 	 1 0 1 0 1 0 0 0 1 0 1 0 1 1 1 1 0 0 1 1 1 1 0 0 0 1 1 0 0 0 1 0 0 1 1 1 1 1 1 1 1 1 1 1 1 0 1 0 1 1 1 1 0 0 0 0 0 1 0 0 0 1 0 1 0 1 0 0 1 0 0 0 1 1 1 1 1 1 0 1 1 1 1 0 1 0 1 0 1 1 1 0 1 0 1 0 0 0 1 1 
PB15 	 1 	 1 0 1 1 1 0 0 0 1 1 1 0 0 1 0 1 1 0 1 1 1 1 1 1 0 1 1 0 0 0 1 0 0 1 1 1 1 1 1 1 1 1 1 1 0 0 1 0 1 1 1 1 0 0 0 0 0 1 0 0 0 1 0 1 0 1 0 0 1 0 1 0 1 1 1 1 1 1 0 1 1 1 1 0 1 1 1 1 1 0 1 0 1 0 0 1 0 0 1 1 
PB16 	 1 	 1 0 1 0 1 0 1 0 1 1 1 0 1 1 0 1 0 0 1 1 1 1 1 0 1 1 1 1 1 0 1 0 0 1 1 1 1 0 1 1 1 1 1 1 1 0 1 0 1 0 1 1 1 0 0 1 0 0 0 0 0 1 0 1 1 1 0 0 1 0 0 0 1 1 0 1 0 0 0 1 1 0 1 0 0 1 1 1 1 1 1 0 1 1 1 1 0 1 1 1 
PB17 	 1 	 1 0 1 0 1 0 0 0 1 1 1 0 0 1 1 1 0 0 1 1 1 1 1 1 1 1 1 1 0 0 1 0 1 1 1 1 0 1 1 1 1 0 1 1 1 1 1 0 1 0 1 1 1 1 0 1 1 0 0 1 1 1 1 1 0 1 0 1 1 0 0 0 1 1 1 0 1 0 0 1 1 1 1 0 1 1 1 1 1 0 1 0 1 1 1 1 0 0 1 1 
PB18 	 1 	 1 0 1 0 1 0 1 0 1 0 1 0 1 1 1 1 0 0 1 1 1 1 0 1 1 1 1 0 0 0 1 0 0 1 1 1 1 0 1 1 1 1 1 1 1 0 1 0 1 1 1 1 0 0 1 0 0 0 0 0 1 1 1 1 0 1 0 0 1 0 0 0 1 1 1 1 1 0 1 1 1 0 1 0 0 1 1 1 1 1 1 0 1 0 1 1 0 0 1 1 
PB19 	 1 	 1 0 1 0 0 0 1 0 1 1 1 0 1 1 1 1 1 0 1 1 1 1 1 0 1 1 1 0 0 0 1 0 0 1 1 1 0 0 1 1 1 0 1 1 1 1 1 0 1 0 1 1 0 0 1 0 0 0 0 0 1 1 1 1 0 1 0 0 1 0 0 0 1 1 1 1 1 0 0 1 1 1 1 0 1 1 1 1 1 1 1 1 1 1 1 1 0 1 1 1 
PB20 	 1 	 1 0 1 0 0 0 0 0 1 1 1 0 1 1 1 1 0 0 1 1 1 1 1 0 1 1 1 0 0 0 1 0 0 1 1 1 1 1 1 1 1 1 1 1 1 0 1 0 1 0 1 1 0 1 0 1 0 0 0 1 0 1 1 1 1 1 0 0 1 0 0 1 1 1 1 1 1 0 0 0 1 1 1 0 0 1 1 1 1 1 0 1 1 1 1 1 0 1 1 1 
PB21 	 1 	 1 1 1 0 0 0 0 0 1 1 1 0 0 1 0 0 0 1 1 1 1 1 1 1 1 1 1 0 1 0 1 0 0 1 1 1 0 0 1 1 1 1 1 1 1 1 1 0 1 0 1 1 0 1 0 0 1 1 0 0 1 1 1 1 0 1 0 0 1 0 1 0 1 1 1 0 1 0 1 1 1 1 1 0 0 0 1 1 1 1 1 0 1 0 1 0 0 0 1 1 
PB22 	 1 	 1 0 1 1 1 0 1 0 1 0 1 0 1 1 0 0 1 0 1 1 1 1 0 1 1 1 1 1 1 0 1 0 0 1 1 1 1 1 1 1 1 1 1 1 1 0 1 0 1 1 1 1 0 1 1 1 0 1 0 1 1 1 1 1 0 1 0 0 1 0 0 0 1 1 1 0 1 0 1 1 1 0 1 1 1 1 1 1 1 1 0 0 1 1 1 1 0 1 1 1 
PB23 	 1 	 1 0 1 0 0 0 1 0 1 1 1 0 1 1 1 1 0 0 1 1 1 1 1 1 1 1 1 0 1 0 1 0 0 1 1 1 0 1 1 1 1 1 1 1 1 1 1 0 1 0 1 1 1 1 0 0 1 1 0 0 0 1 0 1 1 1 0 0 1 0 1 0 1 1 1 1 1 1 0 1 1 1 1 1 1 1 1 1 1 0 1 0 1 1 1 1 0 1 1 1 
PB24 	 1 	 1 1 1 1 1 0 0 0 1 1 1 0 1 1 0 0 1 0 1 1 1 1 1 1 0 1 1 1 0 0 1 0 0 1 1 1 1 1 1 1 1 1 1 1 1 1 1 0 1 1 1 1 0 0 0 0 0 1 0 0 1 1 0 1 0 1 0 0 1 1 1 1 1 1 1 0 1 0 1 1 1 0 1 1 1 1 1 1 1 1 0 0 1 1 1 1 0 0 1 1 
PB25 	 1 	 1 1 1 0 0 0 0 0 1 1 1 0 1 1 1 0 0 0 1 1 1 1 1 1 1 1 1 0 0 0 1 0 0 1 1 1 1 0 1 1 1 0 1 1 1 0 1 0 1 0 1 1 1 1 0 1 0 1 0 0 0 1 0 1 0 1 0 0 1 0 1 0 1 1 1 1 1 0 1 1 1 1 1 0 1 1 1 1 1 1 1 1 1 1 1 1 0 1 1 1 
PB26 	 1 	 1 0 1 0 1 0 0 0 1 0 1 0 1 1 0 1 0 1 1 1 1 1 1 1 1 1 1 0 1 0 1 0 0 1 1 1 1 0 1 1 1 1 1 1 1 0 1 0 1 1 1 1 1 1 0 1 1 1 0 0 0 1 1 1 0 1 0 0 1 0 0 0 1 1 1 0 1 0 0 1 1 1 1 0 0 0 1 0 1 1 1 1 1 0 1 1 0 1 1 1 
PB27 	 1 	 1 0 1 0 1 0 0 0 1 1 1 0 1 1 1 1 1 0 1 1 1 1 1 1 1 0 1 0 0 0 1 0 1 1 1 1 0 0 1 1 1 1 1 1 1 0 1 0 1 0 1 1 0 1 1 1 0 1 0 1 0 1 1 1 0 1 0 0 1 1 0 0 1 1 1 0 1 1 0 1 1 1 1 1 1 1 1 1 1 1 1 0 1 1 1 1 0 0 1 1 
PB28 	 1 	 1 1 1 0 0 0 1 0 1 1 1 1 1 1 1 0 0 1 1 1 1 1 1 1 1 1 1 0 1 0 1 0 1 1 1 1 1 0 1 1 1 1 1 1 1 0 1 0 1 1 1 1 0 0 0 0 0 1 0 0 1 1 1 1 0 1 0 0 1 1 1 0 1 1 1 0 1 0 1 1 1 0 1 0 1 1 1 1 1 1 1 0 1 0 1 1 0 1 1 1 
PB29 	 1 	 1 0 1 0 1 0 1 0 1 1 1 0 1 1 1 1 0 0 1 1 1 1 0 1 1 1 1 1 0 0 1 0 0 1 1 1 1 1 1 1 1 1 1 1 1 0 1 0 1 0 1 1 1 1 0 1 0 1 0 1 1 1 1 1 0 1 0 0 1 0 0 0 1 1 1 0 1 0 0 1 1 0 1 0 1 0 1 1 1 1 1 0 1 1 1 1 1 0 1 1 
PB30 	 1 	 1 0 1 1 0 0 1 0 1 1 1 0 0 1 1 1 1 0 1 1 1 1 1 1 1 1 0 0 1 0 1 0 0 1 1 1 0 0 0 1 1 1 1 1 1 1 1 0 1 1 1 1 1 0 0 1 0 1 0 0 1 1 1 1 0 1 0 0 1 0 1 0 1 1 1 0 0 0 1 1 1 0 1 0 1 1 1 1 1 1 1 0 1 0 1 1 0 1 1 1 
PB31 	 1 	 1 1 1 1 1 0 0 0 1 0 1 0 0 1 0 1 1 0 1 1 1 1 0 1 1 1 1 0 1 0 1 0 0 1 1 1 1 1 1 1 1 0 1 1 1 1 1 0 1 1 1 1 0 0 0 1 0 1 0 0 0 1 1 1 0 1 0 0 1 0 0 0 1 1 0 0 1 0 0 1 1 1 1 0 1 1 1 1 1 1 1 0 1 1 1 1 0 1 1 1 
PB32 	 1 	 1 0 1 0 1 0 0 0 1 0 1 0 1 1 1 1 0 1 1 1 1 1 1 1 1 1 1 0 1 0 1 0 0 1 1 1 1 0 1 0 1 0 1 1 1 1 1 0 1 0 1 1 1 0 0 1 0 0 0 0 0 1 0 1 0 1 0 0 1 1 1 0 1 1 1 0 1 0 1 1 1 1 1 0 0 1 1 1 1 1 0 0 0 0 1 1 0 0 1 1 
PB33 	 1 	 1 0 1 0 1 0 0 0 1 1 1 0 1 1 1 1 1 0 1 1 1 1 0 1 1 1 1 0 1 0 1 0 0 1 1 1 1 1 1 1 1 1 1 1 1 1 1 0 1 0 1 1 0 0 0 0 1 1 0 1 1 1 0 1 0 1 0 0 1 0 0 0 1 1 1 1 1 1 0 1 1 1 1 1 1 1 1 1 1 1 0 0 1 0 1 1 0 1 1 1 
PB34 	 1 	 1 0 1 0 1 0 0 0 1 0 1 0 1 1 1 1 0 0 1 1 1 1 1 1 1 1 1 0 0 0 1 0 1 1 1 1 0 0 1 1 1 1 1 1 1 0 1 0 1 1 1 1 0 0 1 0 0 0 0 0 1 1 1 1 0 1 0 1 1 0 1 1 1 1 1 1 1 0 0 1 1 1 1 0 0 0 1 1 1 1 1 1 1 1 1 1 0 1 1 1 
PB35 	 1 	 1 0 1 1 1 0 0 0 1 1 1 0 1 1 0 0 1 0 1 1 1 1 0 1 1 1 1 0 1 0 1 0 0 1 1 1 0 1 1 1 1 1 1 1 1 1 1 0 1 1 1 1 0 0 0 1 0 1 0 1 1 1 0 1 0 1 0 0 1 0 0 0 1 1 0 0 1 0 0 1 1 0 1 0 0 1 1 0 1 1 1 0 1 1 1 0 1 0 1 0 
PB36 	 1 	 1 0 1 0 0 0 0 0 1 1 1 0 1 1 1 1 0 0 1 1 1 1 1 0 1 1 1 0 1 0 1 0 0 1 1 1 1 1 1 1 1 1 1 1 1 1 1 0 1 0 1 1 0 1 1 1 0 0 0 0 0 1 0 1 0 1 0 0 1 0 0 0 1 1 1 0 1 0 0 1 1 1 1 0 1 0 1 1 1 1 1 0 1 1 1 1 0 1 1 1 
PB37 	 1 	 1 0 1 1 1 0 0 0 0 1 1 0 1 1 0 1 0 0 1 1 1 1 0 1 1 1 1 0 0 0 1 0 0 1 1 1 1 0 1 1 1 1 1 1 1 0 1 0 1 0 1 1 0 1 0 1 0 1 0 1 0 1 0 1 0 1 0 0 1 0 0 0 1 1 1 0 1 0 0 1 1 1 1 0 1 1 1 1 1 1 1 1 1 1 1 1 0 0 1 1 
PB38 	 1 	 1 0 1 1 1 0 1 1 0 1 1 0 0 1 0 1 1 1 1 1 1 1 1 1 1 1 1 1 0 1 1 0 0 1 1 1 1 1 1 1 1 1 1 1 1 1 1 0 1 1 1 1 0 1 0 0 0 1 1 0 0 0 0 1 0 1 0 0 1 1 0 0 1 1 1 1 0 0 0 1 1 1 1 0 1 1 1 1 1 1 1 0 1 0 1 0 0 0 1 1 
PB39 	 1 	 1 1 1 0 1 0 0 0 1 1 1 0 0 1 1 0 1 1 1 1 1 1 1 1 1 1 1 0 1 0 1 0 0 1 1 1 0 0 1 1 1 1 1 1 1 0 1 0 1 1 1 1 1 0 1 0 0 1 0 1 1 1 1 0 0 1 0 0 1 0 0 0 1 1 1 1 1 0 1 1 1 1 1 0 1 1 1 1 1 1 0 0 1 1 1 1 0 1 1 1 
PB40 	 1 	 1 0 1 0 1 0 0 0 1 1 1 0 0 1 1 1 1 0 1 1 1 1 1 1 1 1 1 0 0 0 1 0 0 1 1 1 1 1 1 1 1 1 1 1 1 1 1 0 1 0 1 1 0 0 1 1 0 1 0 0 1 1 1 1 0 1 0 0 1 0 1 0 1 1 1 1 1 0 0 1 1 0 1 0 0 0 1 1 1 1 1 0 1 0 1 1 0 0 1 1 
PB41 	 1 	 1 0 1 0 0 0 0 0 1 1 1 0 1 1 1 1 0 0 1 1 1 1 1 1 1 1 1 0 1 0 1 0 0 1 1 1 1 0 1 1 1 1 1 1 1 1 1 0 1 1 1 1 1 0 1 0 0 1 0 1 1 1 0 1 0 1 0 0 1 1 1 0 1 1 1 1 1 0 0 1 1 0 1 1 0 0 1 1 1 0 1 1 1 1 1 1 0 0 1 1 
PB42 	 1 	 1 0 1 0 1 0 0 0 1 1 1 0 1 1 1 1 1 0 1 1 1 1 1 1 1 1 1 1 0 0 1 0 1 1 1 1 0 0 1 1 1 1 1 1 1 1 1 0 1 1 1 1 0 1 0 0 0 1 0 1 1 1 1 1 0 1 0 0 1 0 0 0 1 1 1 0 1 0 0 1 1 1 1 0 0 1 1 0 1 1 1 0 1 1 1 1 0 1 1 1 
PB43 	 1 	 1 1 1 0 1 0 0 0 1 1 1 0 1 1 1 1 1 0 1 1 1 1 1 0 1 1 1 0 0 0 1 0 1 1 1 1 1 1 1 1 1 0 1 1 1 1 1 0 1 1 1 1 0 1 0 1 0 0 0 0 1 1 1 1 0 1 1 0 1 0 0 0 1 1 1 1 1 0 1 1 1 1 1 1 1 1 1 1 1 0 0 0 1 1 1 1 1 0 1 0 
PB44 	 1 	 1 0 1 0 0 0 1 0 1 0 1 0 1 1 1 0 1 1 1 1 1 1 1 1 1 1 1 1 0 0 1 0 0 1 1 1 1 0 1 1 1 1 1 1 1 1 1 0 1 0 1 1 0 0 0 1 0 1 0 0 0 1 1 0 0 1 0 0 1 0 0 0 1 1 0 0 1 0 1 1 1 1 1 1 1 0 1 1 1 0 1 0 1 1 1 1 0 1 1 1 
PB45 	 1 	 1 0 1 0 1 0 0 0 1 1 1 0 1 1 1 1 1 0 1 1 1 1 1 1 0 1 1 0 1 0 1 0 1 1 1 1 0 1 1 1 1 1 1 1 1 0 1 0 1 1 1 1 0 0 1 0 1 1 0 1 0 1 0 1 0 1 0 0 1 0 0 0 1 1 1 1 0 0 0 1 1 1 1 0 1 1 1 1 1 1 1 0 1 1 1 1 0 0 1 1 
PB46 	 1 	 1 0 1 0 0 0 0 1 1 1 1 0 0 1 1 1 0 0 1 1 1 1 1 1 1 1 1 0 1 0 1 0 0 1 1 1 1 1 1 1 1 1 1 1 1 1 1 0 1 1 1 1 0 1 1 1 0 1 0 0 0 1 1 1 1 1 0 0 1 1 1 0 1 1 1 1 1 0 0 1 1 1 1 0 1 1 1 1 1 1 1 0 1 1 1 1 0 1 1 1 
PB47 	 1 	 1 0 1 0 0 0 0 0 1 1 1 0 0 1 0 1 0 0 1 1 1 1 1 0 1 1 1 0 0 0 1 0 1 1 1 1 0 1 1 1 1 1 1 1 1 1 1 0 1 0 1 1 0 1 1 0 0 0 0 0 0 1 0 1 0 1 0 0 1 0 0 0 1 1 0 1 1 0 1 1 1 1 1 0 1 0 1 1 1 0 1 0 1 0 1 0 0 1 1 1 
PB48 	 1 	 1 1 1 0 1 0 0 0 1 1 1 0 1 1 0 1 1 0 1 1 1 1 1 1 1 1 1 0 1 0 1 0 0 1 1 1 0 1 1 1 1 1 1 1 1 1 1 0 1 1 1 1 0 0 0 0 0 1 0 0 1 1 1 1 0 1 0 0 1 0 0 0 1 1 1 1 1 0 1 1 1 1 1 0 1 1 1 1 1 1 0 0 1 1 1 1 0 0 1 1 
PB49 	 1 	 1 1 1 0 1 0 0 0 1 1 1 0 1 1 1 1 1 0 1 1 1 1 1 1 1 1 1 0 0 0 1 0 0 1 1 1 0 1 1 1 1 1 1 1 1 0 1 0 1 1 1 1 1 1 0 0 0 0 0 1 0 1 1 1 0 1 0 0 1 1 0 0 1 1 1 1 1 0 1 1 1 1 1 0 0 1 1 1 1 1 0 0 1 0 1 1 0 1 1 1 
PB50 	 1 	 1 0 1 0 1 0 0 0 1 1 1 0 1 1 0 1 1 0 1 1 1 1 1 1 1 1 1 0 1 0 1 0 0 1 1 1 1 1 1 1 1 0 1 1 1 1 1 0 1 1 1 1 0 1 1 0 1 0 0 0 1 1 1 1 1 1 0 0 1 1 1 0 1 1 0 1 1 0 0 1 1 1 1 0 1 1 1 1 1 1 1 0 1 1 1 1 0 0 1 1 
PB51 	 1 	 1 1 1 0 0 0 1 0 1 0 1 0 0 1 0 0 0 0 1 1 1 1 1 1 1 1 1 0 1 0 1 0 1 1 1 1 0 0 1 1 1 1 1 1 1 0 1 0 1 1 1 1 0 0 0 1 0 1 0 1 1 1 0 1 0 1 0 0 1 0 1 0 1 1 1 0 1 0 1 1 1 1 1 0 0 1 1 1 1 1 1 1 1 1 1 1 0 1 1 1 
PB52 	 1 	 1 0 1 0 1 0 1 0 1 1 1 0 1 1 0 0 0 0 1 1 1 1 0 1 1 1 1 0 1 0 1 0 0 1 1 1 0 1 1 1 1 1 1 1 1 0 1 0 1 1 1 1 0 0 1 1 0 0 1 1 1 1 1 1 0 1 0 0 1 0 0 0 1 1 1 1 1 1 0 1 1 1 1 0 0 0 1 1 1 1 1 0 1 0 0 1 0 0 1 1 
PB53 	 1 	 1 1 1 0 1 0 0 0 1 1 1 0 1 1 1 0 0 0 1 1 1 1 1 1 1 1 1 0 1 0 1 0 0 1 1 1 0 1 1 1 1 1 1 1 1 0 1 0 1 1 1 1 0 1 0 1 0 0 0 1 1 1 0 1 0 1 1 0 1 0 1 0 1 1 1 0 1 0 0 1 0 1 1 0 0 0 1 1 1 0 0 1 1 1 1 1 0 0 1 1 
PB54 	 1 	 1 0 1 0 1 0 1 1 1 1 1 0 1 1 1 0 1 1 1 1 1 1 1 0 1 1 1 0 1 0 1 0 0 1 1 1 1 0 1 1 1 1 1 1 1 0 1 0 1 0 1 1 1 0 0 1 0 1 0 0 0 1 1 1 0 1 0 0 1 0 0 0 1 1 1 0 1 0 0 1 1 1 1 1 0 1 1 1 1 1 0 0 1 1 1 0 1 0 1 1 
PB55 	 1 	 1 1 1 0 1 0 0 0 1 1 1 0 1 1 1 1 1 0 1 1 1 1 1 1 1 1 1 0 1 0 1 0 1 1 1 1 1 1 1 1 1 0 1 1 1 1 1 0 1 1 1 1 1 1 0 1 0 1 0 1 1 1 1 1 1 1 0 0 1 1 0 0 1 1 1 1 1 0 0 1 1 1 1 0 1 1 1 1 1 0 1 0 1 1 1 1 0 1 1 1 
PB56 	 1 	 1 0 1 0 1 0 0 0 1 1 1 0 1 1 0 1 1 0 1 1 1 1 1 1 1 0 1 0 0 0 1 0 0 1 1 1 0 0 1 1 1 1 1 1 1 1 1 0 1 1 1 1 1 0 1 1 0 1 0 0 1 1 0 1 0 1 0 0 1 0 1 0 1 1 1 0 0 0 1 1 1 0 1 0 1 1 1 1 1 1 0 0 1 1 1 1 1 1 1 1 
PB57 	 1 	 1 0 1 0 1 0 0 0 1 0 1 0 0 1 0 0 1 0 1 1 1 1 1 1 1 1 1 0 0 0 1 0 0 1 1 1 1 0 1 1 1 1 1 1 1 0 1 0 1 1 1 1 0 0 1 0 0 0 0 0 1 1 0 1 1 1 0 0 1 0 0 0 1 1 1 0 1 0 0 1 1 1 1 0 0 1 1 1 1 1 1 0 1 1 1 0 1 1 1 1 
PB58 	 1 	 1 1 1 1 1 0 1 0 1 1 1 0 1 1 1 1 0 0 1 1 1 1 1 1 0 1 1 0 1 0 1 0 1 1 1 1 0 0 1 1 1 1 1 1 1 0 1 0 1 1 1 1 1 0 0 1 0 0 0 0 1 1 0 1 0 1 0 0 1 1 0 0 1 1 1 1 1 0 0 1 1 1 1 1 1 1 1 1 1 1 0 0 1 1 1 0 0 1 1 1 
PB59 	 1 	 1 1 1 0 0 0 0 0 1 1 1 1 1 1 1 1 1 0 1 1 1 1 1 1 1 1 1 0 0 0 1 0 1 1 1 1 1 1 1 1 1 1 1 1 1 1 1 0 1 0 1 1 1 0 1 1 0 0 0 1 0 1 1 1 0 1 0 1 1 0 0 0 1 1 1 0 1 0 0 1 1 0 1 0 0 1 1 0 1 1 1 0 1 0 1 1 0 0 1 1 
PB60 	 1 	 1 1 1 0 0 0 1 0 1 1 1 0 0 1 0 0 0 0 1 1 1 1 1 0 1 1 1 0 1 0 1 0 0 1 1 1 1 0 1 1 1 1 1 1 1 1 1 0 1 1 1 1 0 0 0 1 0 1 1 1 1 1 0 1 0 1 0 0 1 0 0 0 1 1 1 0 0 0 1 1 1 1 1 0 0 1 1 0 1 1 0 0 1 1 1 1 0 0 1 0 
PB61 	 1 	 1 1 1 0 1 0 0 0 1 0 1 0 1 1 0 1 1 0 1 1 1 1 1 1 1 1 1 0 1 0 1 0 0 1 1 1 0 0 1 1 1 1 1 0 1 1 1 0 1 1 1 1 0 0 0 0 0 1 0 0 0 1 1 1 0 1 0 0 1 1 1 0 1 1 1 1 1 0 0 0 1 1 1 0 1 1 1 0 1 1 1 0 1 0 1 1 0 1 1 1 
PB62 	 1 	 1 1 1 0 0 0 0 0 1 0 1 0 0 1 1 1 1 0 1 1 1 1 0 1 1 1 1 0 0 0 1 0 0 1 1 1 0 1 1 1 1 1 1 1 1 1 1 0 1 0 1 1 0 0 0 0 0 1 0 0 1 0 0 1 0 1 0 0 1 1 0 0 1 1 1 1 1 0 1 1 1 1 1 0 0 0 1 1 1 0 1 0 1 1 1 1 0 1 1 1 
PB63 	 1 	 1 0 1 0 1 0 0 0 1 1 1 0 0 1 0 0 1 0 1 1 1 1 1 1 1 1 1 1 0 0 1 0 1 1 1 1 1 1 1 1 1 1 1 1 1 1 1 0 1 1 1 1 1 1 1 0 0 1 0 0 0 1 0 1 0 1 0 0 1 0 0 0 1 1 1 0 1 0 1 1 1 1 1 0 1 1 1 1 1 1 1 0 1 1 1 1 0 0 1 1 
PB64 	 1 	 1 0 1 0 1 0 1 0 1 1 1 0 1 1 1 1 0 0 1 1 1 1 1 1 1 1 1 1 0 0 1 0 0 1 1 1 0 1 1 1 1 1 1 1 1 0 1 0 1 1 1 1 1 0 0 1 0 1 0 1 1 1 1 1 0 1 0 0 1 0 0 0 1 1 1 0 1 1 1 1 1 1 1 1 0 0 1 1 1 1 1 0 1 0 1 0 0 0 1 1 
PB65 	 1 	 1 0 1 0 1 0 0 1 1 1 1 0 1 1 0 0 1 0 1 1 1 1 1 1 1 1 1 0 0 0 1 0 0 1 1 1 0 0 1 1 1 1 1 1 1 0 1 0 1 1 1 1 1 0 0 0 0 0 1 0 1 1 1 1 0 1 0 0 1 0 0 0 1 1 1 1 1 0 0 1 1 1 1 0 1 1 1 1 1 1 1 0 1 0 1 1 0 1 1 1 
PB66 	 1 	 1 1 1 0 0 0 0 0 1 0 1 0 1 1 0 1 0 0 1 1 1 1 0 1 0 1 1 0 1 0 1 0 1 1 1 1 0 0 1 1 1 1 1 1 1 0 1 0 1 1 1 1 1 1 1 1 0 1 0 0 0 1 1 1 0 1 0 0 1 0 1 0 1 1 0 1 1 0 0 1 1 0 1 1 1 1 1 0 1 0 1 1 1 1 1 1 0 0 1 1 
PB67 	 1 	 1 1 1 0 1 0 0 0 1 0 1 0 1 1 0 1 0 0 1 1 1 1 0 0 1 1 1 0 1 0 1 0 0 1 1 1 0 1 1 1 1 1 1 1 1 0 1 0 1 1 1 1 0 0 1 1 1 0 0 1 1 1 1 1 0 1 0 0 1 0 0 0 1 1 1 1 1 0 1 1 1 1 1 0 0 0 1 1 1 1 1 0 1 1 1 1 0 1 1 1 
PB68 	 1 	 1 0 1 0 1 0 1 0 1 0 1 0 1 1 1 1 0 0 1 1 1 1 1 1 1 1 1 0 1 0 1 0 0 1 1 1 0 1 1 0 1 1 1 1 1 1 1 0 1 0 1 1 1 0 0 1 0 1 1 1 1 1 1 1 0 1 0 0 1 0 0 0 1 1 1 0 1 0 1 1 1 1 1 0 0 0 1 1 1 1 0 1 1 1 1 1 0 0 1 1 
PB69 	 1 	 1 1 1 0 1 0 1 0 1 1 1 0 1 1 1 1 1 0 1 1 1 1 1 1 1 1 1 1 0 0 1 0 0 1 1 1 1 1 1 1 1 1 1 1 1 0 1 0 1 1 1 1 1 1 0 0 0 1 0 0 0 1 1 1 0 1 0 0 1 0 0 0 1 1 1 0 1 1 1 1 1 1 1 1 1 1 1 1 1 1 1 0 1 1 1 1 0 1 1 1 
PB70 	 1 	 1 0 1 0 1 0 0 0 1 1 1 0 1 1 1 1 1 0 1 1 1 1 1 1 0 1 1 0 0 0 1 0 0 1 1 1 1 1 1 1 1 1 1 1 1 0 1 0 1 1 1 1 1 0 0 0 0 0 0 0 0 1 1 1 0 1 0 0 1 0 1 0 1 1 1 0 0 0 1 1 1 1 1 0 0 0 1 1 1 0 1 0 1 1 1 1 0 1 1 1 
PB71 	 1 	 1 0 1 0 1 0 0 0 1 1 1 0 1 1 1 1 0 0 1 1 1 1 0 1 0 1 1 0 1 0 1 0 1 1 1 1 1 0 1 1 1 1 1 1 1 1 1 0 1 1 1 1 0 0 0 1 0 1 0 0 1 1 0 1 0 1 0 0 1 1 0 0 1 0 0 0 1 1 1 1 1 1 1 0 1 1 1 1 1 1 0 1 1 0 1 1 0 1 1 1 
PB72 	 1 	 1 1 1 0 1 0 1 0 1 1 1 0 0 1 0 0 0 0 1 1 1 1 0 1 1 1 1 1 1 0 1 0 0 1 1 1 0 0 1 1 1 1 1 1 1 1 1 0 1 1 1 1 1 1 1 1 0 0 0 0 0 1 1 1 0 1 0 0 1 0 0 0 1 1 1 0 1 1 0 1 1 1 1 0 1 1 1 0 1 1 1 0 1 1 1 1 0 1 1 1 
PB73 	 1 	 1 0 1 0 1 0 0 0 0 1 1 0 0 1 0 1 0 1 1 1 1 1 0 1 1 1 1 0 1 0 1 0 0 1 1 1 0 0 1 1 1 1 1 1 1 1 1 0 1 1 1 1 0 0 0 1 0 0 0 0 0 1 1 1 0 1 0 0 1 1 0 0 1 1 1 0 1 0 0 1 1 0 1 0 0 1 1 1 1 1 0 0 1 1 1 0 0 0 1 1 
PB74 	 1 	 1 1 1 0 0 0 0 0 1 1 1 0 0 1 1 1 1 0 1 1 1 1 0 0 1 1 1 0 0 0 1 0 0 1 1 1 1 0 1 1 1 0 1 1 1 0 1 0 1 1 1 1 0 0 0 0 0 0 0 0 1 1 0 1 1 1 0 0 1 0 1 1 1 1 0 0 1 0 1 1 1 1 1 0 0 1 1 1 1 1 1 0 1 1 1 1 0 0 1 1 
PB75 	 1 	 1 0 1 0 1 0 0 0 1 1 1 0 0 1 0 1 0 0 1 1 1 1 1 0 1 1 1 0 0 0 1 0 0 1 1 0 1 0 1 1 1 1 1 1 1 1 1 0 1 1 1 1 0 0 0 0 0 1 0 1 0 0 0 1 0 1 0 0 1 0 1 0 1 1 1 1 1 1 1 1 1 1 1 0 0 0 1 1 1 1 1 0 1 0 1 1 0 1 1 1 
PB76 	 1 	 1 0 1 0 1 0 0 0 1 1 1 0 0 1 0 0 1 0 1 1 1 1 1 1 1 1 1 0 0 0 1 0 0 1 1 1 1 0 1 1 1 1 1 1 1 0 1 0 1 0 1 1 0 0 0 0 0 1 0 1 0 1 1 1 0 1 0 0 1 0 0 0 1 1 1 1 1 0 1 1 1 1 1 0 0 1 1 1 1 1 0 0 1 1 1 1 0 1 1 1 
PB77 	 1 	 1 0 1 0 0 0 0 0 1 1 1 0 1 1 0 1 0 0 1 1 1 1 1 1 1 1 1 1 0 0 1 0 0 1 1 1 1 1 1 1 1 0 1 1 1 0 1 0 1 0 1 1 1 1 0 1 0 1 1 0 1 1 1 1 1 1 1 0 1 0 0 0 1 1 1 0 1 0 0 1 1 1 1 0 1 1 1 1 1 0 0 1 1 0 1 1 0 1 1 1 
PB78 	 1 	 1 0 1 1 1 0 0 0 1 1 1 0 1 1 1 1 0 0 1 1 1 1 1 1 1 1 1 0 0 0 1 0 0 1 1 1 1 1 1 1 1 1 1 1 1 1 1 0 1 1 1 1 0 0 0 1 0 1 0 0 1 0 0 1 0 1 0 0 1 0 0 0 1 1 1 0 1 0 1 1 1 1 1 0 1 1 1 0 1 1 1 0 1 0 1 0 0 1 1 1 
PB79 	 1 	 1 0 1 1 0 0 1 0 1 0 1 1 1 1 1 0 1 0 1 1 1 1 0 0 1 1 1 0 0 0 1 0 0 1 1 1 0 0 1 1 1 0 1 1 1 0 1 0 1 1 1 1 0 0 0 1 0 0 0 1 0 1 0 1 0 1 0 0 1 0 0 0 1 1 1 0 1 0 1 1 1 1 1 0 1 1 0 1 1 1 1 0 1 0 1 1 0 0 1 1 
PB80 	 1 	 1 0 1 0 1 0 0 0 1 1 1 0 1 1 0 1 1 0 1 1 1 1 1 1 1 1 1 1 1 0 1 0 0 1 1 1 0 1 1 1 1 0 1 1 1 1 1 0 1 1 1 1 1 1 1 1 0 0 1 0 0 1 0 1 0 1 0 0 1 0 0 0 1 1 1 0 1 0 1 1 1 0 1 0 1 1 1 1 1 1 1 0 1 1 1 1 0 0 1 1 
PB81 	 1 	 1 0 1 0 0 0 0 0 1 1 1 0 1 1 1 1 1 0 1 1 1 1 0 1 1 1 1 0 0 0 1 0 0 1 1 1 1 0 1 1 1 1 1 1 1 0 1 0 1 1 1 1 0 0 0 0 1 0 0 0 1 0 0 1 0 1 0 0 1 1 0 0 1 1 1 1 0 0 0 1 1 1 1 0 0 0 1 1 1 1 1 0 1 0 1 1 1 0 1 1 
PB82 	 1 	 1 1 1 0 1 0 1 0 1 1 1 0 1 1 0 1 1 0 1 1 1 1 0 1 1 1 1 0 0 0 1 0 0 1 1 1 1 0 1 1 1 1 1 1 1 1 1 0 1 0 1 1 1 0 0 1 0 1 0 0 1 1 1 1 0 1 0 0 1 0 0 0 1 1 1 1 1 0 0 1 1 1 1 1 1 1 1 1 1 1 1 0 1 1 1 0 0 0 1 1 
PB83 	 1 	 1 0 1 0 1 0 1 0 1 1 1 0 0 1 1 1 0 0 1 1 1 1 1 1 1 1 1 0 0 0 1 0 1 1 1 1 0 1 1 1 1 1 1 1 1 0 1 0 1 0 1 1 0 0 1 1 0 1 0 0 0 1 1 1 0 1 0 0 1 0 0 0 1 1 1 0 1 0 1 1 1 1 1 0 0 1 1 1 1 0 1 0 1 0 1 0 0 1 1 1 
PB84 	 1 	 1 0 1 0 0 0 0 0 0 1 1 0 1 1 0 1 0 0 1 1 1 1 1 1 1 1 1 0 0 0 1 0 0 1 1 1 0 0 1 1 1 0 1 1 1 1 1 0 1 1 1 1 1 1 0 0 0 1 0 0 1 1 0 1 0 1 0 1 1 0 0 0 1 1 1 1 1 0 0 1 1 1 1 0 0 0 1 1 1 0 0 0 1 1 1 1 0 0 1 1 
PB85 	 1 	 1 0 1 0 0 0 1 0 1 0 1 0 1 1 1 1 1 0 1 1 1 1 1 0 1 1 1 0 0 0 1 0 0 1 1 1 1 1 1 1 1 1 1 1 1 1 1 0 1 1 1 1 0 1 0 1 0 1 0 0 0 1 0 1 0 1 0 0 1 1 0 0 1 0 1 0 0 0 1 1 1 1 1 1 1 1 1 1 1 1 1 0 1 1 1 1 0 1 1 1 
PB86 	 1 	 1 0 1 0 1 0 1 0 1 1 1 0 1 1 0 1 1 1 1 1 1 1 1 1 1 1 1 0 1 0 1 0 0 1 1 1 1 0 1 1 1 1 1 1 1 1 1 0 1 0 1 1 1 1 0 1 0 1 0 1 1 1 0 1 0 1 0 0 1 0 0 0 1 1 1 1 1 0 0 1 1 1 1 0 1 1 1 1 1 1 1 0 1 0 1 0 0 0 1 1 
PB87 	 1 	 1 1 1 0 1 0 0 0 1 1 1 0 0 1 0 1 0 0 1 1 1 1 0 1 1 1 1 0 0 0 1 0 1 1 1 1 0 1 1 1 1 1 1 1 1 0 1 0 1 1 1 1 1 1 0 1 1 1 0 0 1 1 0 1 0 1 0 0 1 0 0 0 1 1 1 0 0 0 1 1 1 1 1 0 0 1 1 1 1 1 1 0 1 1 1 0 0 1 1 1 
PB88 	 1 	 1 0 1 1 1 0 0 0 1 0 1 0 1 1 1 1 0 0 1 1 1 1 1 1 1 1 1 0 1 1 1 0 0 1 1 1 1 0 1 1 1 1 1 1 1 0 1 0 1 1 1 1 0 0 1 1 0 0 0 1 1 1 1 1 0 1 0 0 1 0 0 0 1 1 1 0 1 0 1 1 1 0 1 0 1 1 1 1 1 0 1 1 1 1 1 0 0 1 1 1 
PB89 	 1 	 1 1 1 0 1 0 0 0 1 0 1 0 1 1 0 1 0 0 1 1 1 1 0 1 1 1 1 0 1 0 1 0 1 1 1 1 0 0 1 1 1 1 1 1 1 0 1 0 1 0 1 1 0 1 1 1 0 1 1 1 0 1 1 1 0 1 0 0 1 0 0 0 1 1 1 1 1 0 0 1 1 0 1 1 1 1 1 1 1 1 1 0 1 1 1 1 0 0 1 1 
PB90 	 1 	 1 1 1 0 0 0 1 0 1 0 1 0 1 1 1 1 1 0 1 1 1 1 0 1 1 1 1 0 0 0 1 0 0 1 1 1 1 0 1 1 1 1 1 1 1 1 1 0 1 1 1 1 0 1 0 0 1 0 0 1 1 1 1 1 0 1 0 0 1 0 0 0 1 1 1 1 1 0 1 1 1 1 1 0 0 0 1 1 1 0 1 1 1 1 1 0 0 0 1 1 
PB91 	 1 	 1 1 1 0 1 0 0 0 1 0 1 0 1 1 1 1 1 0 1 1 1 1 0 1 1 1 1 0 0 0 1 0 0 1 1 1 1 0 1 1 1 1 1 1 1 1 1 0 1 1 1 1 1 0 0 0 0 0 0 0 0 1 0 1 0 1 0 0 1 0 0 0 1 1 0 1 1 0 1 1 1 1 1 0 1 1 1 1 1 1 1 1 1 0 1 0 0 0 1 1 
PB92 	 1 	 1 0 1 0 1 0 1 0 1 1 1 0 0 1 0 1 0 0 1 1 1 1 1 0 1 1 1 0 0 0 1 0 0 1 1 1 1 1 1 1 1 1 1 1 1 1 1 0 1 1 1 1 1 1 0 1 0 0 0 1 1 1 0 1 0 1 0 0 1 0 0 0 1 1 1 1 0 0 1 1 1 1 1 0 1 1 1 1 1 0 0 0 1 1 1 0 0 0 1 1 
PB93 	 1 	 1 1 1 0 1 0 0 0 1 1 1 0 0 1 0 0 0 0 1 1 1 1 1 1 1 1 1 0 1 1 1 0 1 1 1 1 1 0 1 1 1 0 1 1 1 0 1 0 1 1 1 1 1 1 0 1 0 0 0 1 1 1 0 1 0 1 1 0 1 0 0 0 1 1 1 1 1 0 1 1 1 1 1 1 0 1 0 1 1 1 0 1 1 0 1 0 0 0 1 1 
PB94 	 1 	 1 0 1 0 1 0 0 0 1 1 1 0 1 1 1 1 1 0 1 1 1 1 1 1 1 1 1 0 0 0 1 0 1 1 1 1 1 0 1 1 1 1 1 1 1 0 1 0 1 1 1 1 0 1 1 0 0 1 0 0 1 1 1 1 0 1 0 0 1 0 0 0 1 1 1 1 0 0 1 1 1 1 1 0 1 0 1 1 1 1 1 0 1 1 1 0 1 1 1 1 
PB95 	 1 	 1 0 1 1 1 0 1 0 1 1 1 0 1 1 0 1 1 0 1 1 1 1 1 1 1 1 0 0 1 0 1 0 1 1 1 1 0 1 1 1 1 1 1 1 1 0 1 0 1 1 1 1 1 0 1 1 0 1 0 0 0 1 0 1 0 1 0 1 1 0 0 0 1 1 1 1 1 0 0 0 1 1 1 0 0 1 1 1 1 1 1 0 1 1 1 1 0 0 1 1 
PB96 	 1 	 1 0 1 0 1 0 0 0 1 1 1 0 0 1 1 0 0 0 1 1 1 1 1 1 1 1 1 1 0 0 1 0 1 1 1 1 1 1 1 1 1 1 1 1 1 1 1 0 1 1 1 1 1 0 1 0 0 0 0 0 1 1 0 1 0 1 0 0 1 0 0 0 1 1 1 0 1 0 1 1 1 1 1 0 0 1 1 0 1 0 1 0 1 1 1 1 0 0 1 1 
PB97 	 1 	 1 0 1 0 0 0 0 0 1 1 1 0 1 1 1 1 1 0 1 1 1 1 1 1 0 1 1 0 0 0 1 0 0 1 1 1 1 0 1 1 1 1 1 1 1 0 1 0 1 0 1 1 1 0 0 1 0 0 1 0 0 1 1 1 0 1 0 0 1 0 0 0 1 1 0 1 1 0 1 1 1 1 1 0 0 1 1 1 1 1 1 1 1 1 1 1 0 1 1 1 
PB98 	 1 	 1 1 1 0 0 0 0 0 1 1 1 0 0 1 0 1 1 0 1 1 1 1 1 1 1 1 1 0 0 0 1 0 0 1 1 1 1 1 1 1 1 1 1 1 1 0 1 0 1 1 1 1 0 0 0 1 0 1 0 0 1 1 0 1 0 1 0 0 1 0 0 0 1 1 1 1 1 0 0 1 1 1 1 0 1 1 1 0 1 0 1 0 1 0 1 1 1 1 1 1 
PB99 	 1 	 1 1 1 1 1 0 0 0 1 0 1 0 1 1 0 1 1 0 1 1 1 1 1 1 1 0 1 0 1 0 1 0 0 1 1 1 1 1 1 1 1 1 1 1 1 1 1 0 1 1 1 1 0 0 0 1 1 0 1 0 0 1 0 1 0 1 0 0 1 0 0 0 1 1 1 0 1 0 1 1 1 1 1 0 1 1 1 1 1 1 1 0 1 1 1 1 0 0 1 1 
PB100 	 1 	 1 1 1 0 1 0 1 0 1 1 1 0 0 1 1 1 1 0 1 1 1 1 1 1 1 1 1 0 0 0 1 0 0 1 1 1 1 0 1 1 1 0 1 1 1 1 1 0 1 1 1 1 1 0 0 0 1 1 0 0 0 1 1 1 0 1 0 0 1 0 0 0 1 1 1 1 1 0 1 1 1 1 1 0 0 0 1 1 1 0 1 0 1 1 1 1 1 0 1 1 
} 
 
[[Structure]]

StructureName = "one group"
NbGroups = 1

Group ={
"F1"
"PA"
"PB"
} 
